5.42,185.09,0
4.98,146.65,1
5.64,182.24,0
5.28,154.42,1
5.87,186.37,0
4.72,111.18,1
5.4,185.95,0
5.04,123.87,1
6.14,205.08,0
5.1,131.48,1
6.08,168.98,0
4.78,148.04,1
5.68,126.18,0
5.63,144.28,1
6.16,152.81,0
5.08,141.92,1
6.06,175.77,0
5.28,126.41,1
5.72,193.41,0
4.96,135.98,1
5.89,164.08,0
5.23,124.29,1
5.42,179.39,0
5.09,143.32,1
6.28,166.58,0
5.65,149.89,1
6.03,175.11,0
5.03,158.9,1
5.47,176.15,0
5.27,127.41,1
5.96,168.58,0
4.97,146.52,1
5.73,219.67,0
5.34,130.36,1
5.34,166.51,0
5.86,129.05,1
6.17,155.01,0
5.37,144.08,1
5.93,148.58,0
5.08,132.58,1
6.37,167.53,0
5.41,154.99,1
5.6,181.67,0
4.89,152.79,1
5.74,169.92,0
5.32,146.22,1
5.75,151.55,0
5.15,138.75,1
5.81,163.08,0
5.12,151.05,1
5.97,200.6,0
5.59,153.06,1
6.04,190.49,0
5.05,115.36,1
5.94,184.5,0
4.87,145.96,1
5.58,162.69,0
5.42,135.44,1
5.89,180.07,0
5.24,127.39,1
5.4,173.76,0
4.9,120.46,1
5.76,180.26,0
5.48,157.43,1
5.78,163.69,0
5.49,137.39,1
5.32,170.65,0
5.78,144.78,1
5.41,190.28,0
5.15,125.04,1
6.13,154.97,0
5.46,158.35,1
5.82,183.97,0
5.15,109.31,1
5.53,170.78,0
5.2,130.46,1
5.78,131.63,0
5.32,155.27,1
5.43,138.71,0
5.44,142.89,1
5.45,138.15,0
5.71,136.36,1
5.74,204.4,0
5.22,158.61,1
5.41,145.25,0
5.08,135.63,1
5.66,207.88,0
5.66,129.65,1
6.13,149.03,0
5.16,123.31,1
5.75,163.08,0
5.38,142.78,1
5.56,223.68,0
5.24,146.55,1
5.91,188.74,0
5.55,140.21,1
6.2,161.04,0
4.87,128.61,1
5.93,159.26,0
5.45,134.95,1
5.9,170.63,0
5.05,151.82,1
5.66,152.0,0
5.2,132.92,1
6.33,157.18,0
5.17,138.76,1
5.37,172.63,0
5.02,136.48,1
5.48,139.57,0
5.39,145.84,1
5.63,131.22,0
5.49,152.83,1
5.52,164.73,0
5.5,142.85,1
6.07,153.46,0
5.06,141.26,1
5.83,161.13,0
5.07,154.52,1
5.87,139.7,0
5.13,153.31,1
5.75,185.14,0
5.52,151.14,1
4.95,151.09,0
4.75,124.24,1
5.58,179.88,0
5.32,151.6,1
5.11,194.33,0
5.19,124.23,1
6.23,176.37,0
5.31,126.02,1
5.15,164.26,0
4.94,146.56,1
6.18,173.09,0
4.64,134.06,1
6.09,201.04,0
5.38,161.04,1
5.99,178.32,0
5.48,118.24,1
6.2,130.49,0
5.07,126.25,1
5.53,169.77,0
5.01,136.95,1
5.87,186.03,0
5.66,146.11,1
5.64,157.59,0
5.17,120.99,1
6.4,134.04,0
5.03,128.83,1
6.06,191.63,0
4.76,140.39,1
6.16,175.75,0
5.02,123.69,1
6.23,185.84,0
5.67,146.48,1
6.15,182.94,0
5.39,145.16,1
5.71,179.28,0
5.21,131.5,1
5.16,161.96,0
4.9,147.38,1
5.53,162.6,0
5.43,104.61,1
6.24,205.91,0
4.73,151.64,1
5.77,198.82,0
4.92,154.31,1
6.17,178.84,0
5.58,162.59,1
6.06,202.93,0
5.23,143.68,1
6.12,170.37,0
4.94,157.4,1
5.73,192.3,0
5.78,147.28,1
5.67,199.5,0
5.67,130.52,1
6.31,175.35,0
5.52,111.97,1
5.95,159.19,0
5.79,140.32,1
5.79,153.1,0
5.24,141.28,1
5.77,192.82,0
5.57,158.83,1
5.8,157.69,0
5.38,149.72,1
5.53,191.49,0
5.39,136.94,1
5.94,174.38,0
4.73,171.17,1
5.77,166.52,0
5.24,135.15,1
5.76,156.27,0
4.81,129.32,1
6.16,178.38,0
4.94,124.02,1
5.52,195.79,0
5.13,146.87,1
6.01,225.03,0
5.84,129.21,1
5.99,158.56,0
5.31,150.59,1
5.66,177.51,0
4.71,146.37,1
6.13,163.31,0
5.5,158.25,1
5.87,147.43,0
5.82,157.28,1
6.01,133.36,0
5.56,146.48,1
6.2,167.95,0
5.46,122.78,1
5.95,166.11,0
5.26,155.19,1
6.21,155.2,0
5.02,145.33,1
5.61,205.56,0
4.86,150.45,1
6.15,156.4,0
4.9,152.84,1
5.87,165.99,0
5.62,128.97,1
5.36,155.13,0
5.11,164.79,1
6.37,173.92,0
5.58,159.58,1
5.97,159.78,0
4.81,128.75,1
5.61,186.59,0
4.96,136.32,1
5.97,136.87,0
5.23,145.44,1
5.62,161.65,0
4.98,145.22,1
5.52,172.05,0
4.98,136.87,1
5.81,184.09,0
5.12,155.74,1
5.97,193.95,0
5.62,137.24,1
6.21,181.65,0
5.46,129.87,1
6.37,187.91,0
5.48,143.79,1
5.26,197.39,0
5.11,137.02,1
5.79,130.37,0
4.9,109.53,1
6.03,168.93,0
5.44,163.92,1
5.64,188.68,0
5.4,149.15,1
6.36,178.26,0
5.44,125.62,1
5.59,211.54,0
5.22,137.59,1
5.94,174.75,0
5.43,139.55,1
6.23,169.19,0
4.94,138.41,1
5.38,149.73,0
5.13,136.03,1
5.86,172.94,0
4.99,124.26,1
6.11,193.37,0
5.01,123.49,1
5.99,171.9,0
5.54,140.82,1
6.02,196.67,0
5.1,110.04,1
5.91,184.21,0
5.02,149.22,1
5.52,149.6,0
5.36,111.22,1
6.0,175.41,0
5.36,129.02,1
6.26,209.63,0
5.13,116.99,1
6.31,157.05,0
4.61,136.25,1
5.8,155.12,0
5.07,160.52,1
5.28,195.09,0
5.77,113.01,1
5.96,158.55,0
5.22,122.12,1
5.55,171.87,0
5.11,157.93,1
5.73,189.64,0
5.06,161.36,1
5.7,130.11,0
5.51,127.8,1
6.43,178.63,0
4.99,125.45,1
5.6,188.33,0
5.04,141.88,1
5.76,159.39,0
5.34,139.32,1
5.89,178.47,0
5.32,143.36,1
5.8,162.59,0
5.0,144.15,1
6.11,148.77,0
5.14,147.87,1
6.14,152.04,0
5.53,159.8,1
5.66,175.51,0
5.37,143.54,1
5.9,194.84,0
5.2,150.38,1
5.85,176.02,0
5.11,146.62,1
5.72,141.57,0
5.1,158.75,1
5.45,182.04,0
4.93,157.66,1
5.79,206.45,0
5.24,151.59,1
5.46,207.5,0
5.41,106.33,1
5.88,185.1,0
4.67,161.09,1
5.65,192.32,0
5.53,153.19,1
5.41,202.83,0
5.3,141.38,1
5.75,167.63,0
5.24,119.25,1
5.96,183.69,0
4.78,140.37,1
5.78,217.06,0
5.47,136.62,1
5.63,170.98,0
4.99,105.74,1
5.87,186.65,0
5.13,134.28,1
5.31,178.93,0
5.29,148.94,1
5.81,163.35,0
5.3,115.68,1
5.21,193.36,0
5.66,138.97,1
6.11,188.35,0
5.54,140.15,1
5.63,161.78,0
5.19,137.35,1
5.79,150.4,0
4.83,137.71,1
6.09,158.97,0
5.26,167.9,1
5.37,227.44,0
5.39,144.67,1
5.86,197.05,0
5.19,112.75,1
5.88,189.19,0
4.89,113.27,1
5.86,156.13,0
5.02,147.62,1
5.3,193.19,0
5.15,157.48,1
5.98,216.41,0
4.91,156.62,1
5.79,195.34,0
5.18,120.54,1
5.89,154.64,0
5.51,141.58,1
5.58,175.09,0
5.33,162.2,1
6.24,181.15,0
4.9,116.21,1
5.91,179.55,0
5.26,124.82,1
6.11,206.83,0
5.29,148.98,1
5.82,147.15,0
4.95,129.46,1
5.87,172.88,0
5.5,122.85,1
6.04,219.4,0
5.3,159.47,1
5.9,159.78,0
5.63,135.98,1
6.48,153.11,0
4.9,130.46,1
6.32,167.34,0
4.91,116.65,1
5.69,157.18,0
5.44,129.36,1
6.23,187.78,0
5.09,145.11,1
5.73,175.41,0
5.31,135.16,1
5.35,183.58,0
5.64,165.07,1
6.21,173.75,0
4.8,120.71,1
5.66,158.95,0
5.88,156.6,1
5.75,197.16,0
4.88,136.18,1
6.04,179.18,0
5.13,153.3,1
6.07,206.59,0
5.48,126.92,1
5.59,169.5,0
5.33,112.01,1
5.77,163.81,0
5.01,145.82,1
5.39,194.85,0
5.22,159.85,1
5.69,175.18,0
4.89,161.67,1
5.69,179.45,0
5.46,149.98,1
6.06,149.63,0
5.36,125.84,1
6.03,179.38,0
5.23,132.3,1
5.76,160.82,0
5.23,137.06,1
5.59,156.17,0
5.1,141.02,1
5.81,155.3,0
5.7,150.06,1
6.03,173.35,0
5.34,122.82,1
5.71,172.88,0
5.04,127.48,1
5.7,178.72,0
5.3,156.31,1
6.11,160.15,0
5.34,134.25,1
5.65,175.67,0
4.86,134.46,1
5.86,152.74,0
5.26,146.85,1
6.49,173.16,0
5.46,129.15,1
5.34,182.14,0
4.96,149.15,1
5.68,179.46,0
5.45,145.06,1
5.44,159.52,0
5.48,131.14,1
5.28,178.01,0
5.37,119.21,1
5.85,155.73,0
5.18,148.59,1
5.74,195.06,0
5.14,137.75,1
5.87,201.35,0
5.29,135.4,1
6.24,182.0,0
5.14,134.18,1
5.81,197.85,0
4.9,146.93,1
6.02,171.81,0
5.36,130.33,1
5.65,169.93,0
4.89,145.27,1
5.43,182.9,0
5.32,142.3,1
6.15,168.49,0
5.01,147.13,1
6.26,193.27,0
4.98,130.18,1
5.74,202.38,0
4.98,145.25,1
5.82,193.13,0
5.6,175.82,1
5.16,176.54,0
5.45,127.83,1
5.52,183.4,0
4.96,130.98,1
5.99,176.51,0
5.34,130.4,1
6.34,174.33,0
5.63,154.67,1
6.13,168.41,0
5.53,123.03,1
5.7,208.3,0
5.1,132.49,1
5.65,176.83,0
5.05,130.78,1
5.83,163.53,0
5.21,148.2,1
5.67,172.31,0
5.02,153.02,1
5.48,198.58,0
5.4,160.25,1
5.94,168.61,0
5.06,133.39,1
5.69,196.93,0
5.55,137.12,1
5.35,186.07,0
4.75,116.15,1
5.86,176.96,0
5.18,130.25,1
6.05,217.26,0
5.26,142.37,1
6.06,179.21,0
4.83,135.32,1
5.29,161.1,0
5.67,143.26,1
5.93,157.3,0
5.27,106.88,1
6.02,196.16,0
5.37,132.67,1
6.06,189.04,0
5.0,128.6,1
5.59,168.08,0
4.89,145.62,1
6.0,142.11,0
4.53,144.8,1
5.77,191.51,0
5.0,150.16,1
6.05,146.51,0
4.83,129.43,1
6.15,189.53,0
5.33,149.43,1
5.81,162.74,0
5.35,133.0,1
6.1,149.7,0
4.87,133.11,1
6.15,203.01,0
5.04,136.43,1
5.5,174.59,0
5.23,128.6,1
5.42,151.5,0
4.76,143.34,1
5.79,168.32,0
5.15,161.41,1
5.7,154.35,0
5.2,132.09,1
5.49,220.01,0
5.55,158.8,1
6.0,181.34,0
5.73,139.14,1
5.73,168.76,0
4.87,109.02,1
5.86,164.8,0
5.33,143.41,1
5.89,138.64,0
5.38,133.91,1
6.12,196.09,0
5.01,152.71,1
5.32,155.3,0
5.12,120.91,1
6.38,215.29,0
5.44,120.11,1
5.29,156.26,0
5.52,127.01,1
5.62,177.62,0
5.54,147.89,1
6.16,163.91,0
5.17,148.96,1
5.55,176.93,0
5.57,131.43,1
5.5,179.08,0
5.79,155.71,1
5.89,194.55,0
5.05,162.49,1
5.95,143.21,0
5.5,135.88,1
6.12,217.15,0
5.59,145.41,1
6.04,176.21,0
5.48,140.54,1
5.65,175.87,0
4.87,121.58,1
6.06,194.24,0
5.23,148.78,1
6.07,191.37,0
5.32,159.22,1
5.37,184.82,0
4.82,160.45,1
5.85,213.74,0
5.44,119.09,1
5.85,174.08,0
5.2,132.61,1
5.67,202.81,0
5.2,118.6,1
5.53,144.33,0
5.05,133.96,1
5.89,163.28,0
5.03,130.19,1
5.67,123.74,0
5.66,148.4,1
5.77,164.56,0
5.13,134.64,1
5.49,169.18,0
5.17,130.01,1
5.36,202.15,0
5.02,145.93,1
6.34,175.41,0
5.44,148.42,1
5.82,168.31,0
5.62,144.85,1
6.23,180.93,0
5.14,128.2,1
6.2,196.24,0
6.0,116.2,1
6.01,177.11,0
5.71,178.64,1
5.7,181.75,0
4.62,155.6,1
5.6,163.47,0
4.86,144.04,1
5.85,192.99,0
4.94,161.37,1
5.25,153.91,0
4.89,131.99,1
5.55,183.14,0
5.16,127.66,1
5.88,181.66,0
4.93,127.7,1
6.2,139.69,0
5.18,134.29,1
5.51,166.15,0
5.09,141.09,1
5.9,215.87,0
5.19,152.14,1
5.98,186.4,0
5.44,150.05,1
6.05,159.32,0
4.59,133.62,1
5.59,206.47,0
4.51,172.12,1
5.89,168.81,0
4.78,127.23,1
5.26,180.78,0
4.87,154.69,1
5.66,192.8,0
5.3,129.01,1
5.7,161.55,0
5.76,146.82,1
5.43,188.52,0
4.67,154.1,1
5.84,157.88,0
5.25,127.77,1
6.46,164.83,0
4.73,151.39,1
5.58,169.55,0
5.19,148.48,1
5.84,195.86,0
5.38,143.16,1
6.19,163.21,0
4.62,118.94,1
5.94,183.79,0
5.02,120.42,1
6.08,187.44,0
4.64,138.28,1
5.52,210.72,0
5.5,146.18,1
5.79,173.5,0
5.08,117.73,1
5.68,190.13,0
4.86,125.86,1
6.18,175.77,0
4.59,143.31,1
5.83,171.65,0
5.2,152.8,1
6.11,189.22,0
5.38,155.07,1
5.97,166.72,0
5.47,145.53,1
6.61,178.92,0
5.42,118.76,1
6.48,168.37,0
5.23,129.16,1
5.75,179.35,0
5.21,153.22,1
5.75,159.77,0
4.94,130.79,1
5.42,176.88,0
4.65,143.89,1
5.6,176.7,0
5.56,174.72,1
5.36,164.21,0
5.07,169.49,1
5.64,222.97,0
5.47,147.74,1
5.44,189.45,0
4.73,131.15,1
6.06,195.7,0
5.4,142.63,1
5.87,250.95,0
5.08,136.91,1
5.87,216.93,0
5.77,154.34,1
5.45,143.59,0
4.95,144.23,1
5.49,157.06,0
5.3,134.74,1
6.28,212.69,0
5.29,142.56,1
5.79,213.68,0
5.07,139.92,1
5.91,123.94,0
5.72,127.22,1
6.29,168.73,0
5.72,107.73,1
6.0,201.05,0
5.6,145.45,1
5.81,232.0,0
5.44,152.67,1
5.72,160.67,0
5.19,151.87,1
5.73,223.4,0
5.03,151.22,1
5.68,156.72,0
5.21,166.06,1
6.42,159.67,0
5.2,135.56,1
5.36,158.17,0
5.55,134.86,1
5.79,183.52,0
4.87,119.13,1
5.8,106.64,0
5.27,110.3,1
5.38,111.98,0
5.01,136.99,1
6.02,162.42,0
5.07,153.0,1
5.5,144.15,0
4.77,126.35,1
5.26,201.09,0
5.27,137.75,1
5.46,206.12,0
4.95,134.27,1
5.89,132.77,0
5.19,154.64,1
5.7,170.97,0
5.21,123.74,1
5.91,213.07,0
5.37,140.95,1
5.59,200.44,0
5.23,171.83,1
6.0,181.68,0
4.69,166.65,1
6.48,152.79,0
5.8,146.81,1
5.5,150.25,0
4.46,141.77,1
5.53,188.18,0
5.14,117.05,1
5.74,213.4,0
4.75,131.71,1
5.9,174.61,0
4.47,123.04,1
6.36,165.51,0
5.12,153.54,1
5.71,164.9,0
5.12,144.63,1
5.57,200.11,0
5.18,139.99,1
6.11,160.42,0
5.33,161.4,1
6.04,197.94,0
5.69,137.95,1
6.19,147.5,0
5.59,133.42,1
5.45,222.96,0
5.01,146.36,1
5.73,214.38,0
5.31,124.63,1
5.49,167.58,0
5.6,134.91,1
6.36,185.51,0
4.52,159.17,1
6.03,199.52,0
5.66,133.34,1
5.12,179.2,0
5.84,172.37,1
6.26,154.96,0
5.01,152.59,1
5.78,187.62,0
5.44,135.17,1
5.87,153.95,0
5.29,136.54,1
5.43,157.3,0
5.22,145.47,1
5.82,175.56,0
5.09,149.96,1
6.28,169.76,0
5.33,144.48,1
6.1,194.75,0
5.03,130.83,1
6.08,174.13,0
4.74,130.67,1
5.68,173.45,0
4.59,140.88,1
5.69,224.92,0
5.05,142.29,1
5.82,156.13,0
5.24,148.88,1
5.52,200.63,0
5.23,103.55,1
5.62,170.41,0
5.22,150.36,1
5.69,178.49,0
4.87,142.31,1
6.18,182.43,0
4.9,152.75,1
5.84,167.74,0
5.41,141.23,1
6.06,169.11,0
5.28,135.83,1
5.56,141.87,0
5.05,162.13,1
5.72,199.2,0
4.71,131.4,1
5.91,200.22,0
4.93,116.97,1
5.78,187.05,0
5.03,137.74,1
5.92,162.54,0
5.81,170.64,1
5.75,151.44,0
4.64,140.54,1
5.69,173.82,0
5.25,119.13,1
6.05,191.26,0
4.7,132.59,1
5.87,160.86,0
5.13,147.3,1
5.69,156.61,0
5.34,130.31,1
6.1,225.11,0
5.6,150.43,1
5.69,166.03,0
5.46,135.83,1
5.33,191.18,0
4.53,168.41,1
5.44,153.98,0
4.91,175.98,1
5.88,127.03,0
5.35,147.93,1
5.77,161.99,0
5.23,146.82,1
6.12,188.8,0
5.92,122.92,1
6.11,163.91,0
5.07,141.9,1
5.59,177.05,0
4.87,141.99,1
5.95,186.24,0
4.81,148.88,1
6.1,181.35,0
5.41,127.81,1
6.06,198.42,0
5.08,146.71,1
6.18,222.49,0
5.17,151.08,1
5.54,194.6,0
5.3,132.01,1
5.73,185.96,0
5.51,156.88,1
5.59,129.65,0
5.1,147.4,1
5.91,181.03,0
4.99,182.05,1
5.88,159.49,0
4.66,150.54,1
5.69,154.13,0
5.26,127.05,1
5.8,178.2,0
4.77,153.52,1
5.21,150.66,0
5.29,122.27,1
6.0,190.0,0
5.17,124.07,1
5.92,209.14,0
5.61,110.29,1
6.06,233.11,0
5.3,110.08,1
5.64,211.9,0
4.66,154.96,1
5.84,176.31,0
4.81,154.84,1
6.13,193.07,0
5.12,158.0,1
5.54,161.1,0
5.22,134.93,1
5.54,175.59,0
4.98,119.45,1
5.5,151.12,0
5.02,140.58,1
5.25,182.24,0
5.39,134.57,1
5.62,132.37,0
5.14,130.06,1
5.76,182.41,0
5.02,115.35,1
5.66,165.17,0
5.56,160.36,1
5.99,163.41,0
4.88,152.8,1
5.95,174.57,0
5.3,137.95,1
5.97,140.87,0
5.72,147.99,1
5.85,165.88,0
4.77,126.01,1
5.59,176.8,0
4.91,146.91,1
5.97,173.16,0
5.3,118.66,1
5.75,207.43,0
5.02,145.67,1
5.97,175.47,0
5.55,145.77,1
5.9,176.77,0
5.3,126.17,1
5.6,174.25,0
5.55,150.39,1
6.11,161.39,0
4.83,114.05,1
5.66,191.2,0
5.92,146.04,1
5.37,167.39,0
5.29,132.51,1
5.77,169.85,0
4.95,149.68,1
6.15,194.81,0
5.5,122.9,1
5.45,155.61,0
5.2,149.14,1
6.25,183.58,0
5.27,97.99,1
5.49,151.24,0
5.25,120.15,1
5.81,170.76,0
4.75,128.48,1
6.2,159.61,0
5.76,132.96,1
5.7,185.85,0
4.99,156.36,1
5.69,175.53,0
5.05,137.62,1
5.56,207.5,0
4.76,158.47,1
5.57,156.13,0
5.14,152.91,1
5.49,148.99,0
5.3,133.14,1
5.45,157.32,0
5.17,127.93,1
5.93,204.86,0
4.97,154.15,1
5.55,177.01,0
5.01,158.83,1
5.65,196.28,0
5.09,151.54,1
5.83,162.07,0
5.37,165.64,1
5.48,184.88,0
5.07,129.68,1
6.1,177.74,0
5.02,121.96,1
6.1,190.93,0
5.29,120.93,1
5.88,198.54,0
5.44,145.45,1
5.81,183.78,0
5.34,144.48,1
5.84,177.61,0
4.88,134.05,1
5.55,126.24,0
5.79,124.63,1
5.85,183.26,0
5.47,133.37,1
6.05,186.81,0
4.92,121.94,1
5.49,178.92,0
5.06,133.45,1
5.78,195.7,0
5.5,128.08,1
6.1,186.65,0
4.81,123.76,1
6.03,170.99,0
4.96,124.41,1
6.23,154.65,0
5.59,142.31,1
5.5,174.67,0
5.34,142.47,1
5.71,169.22,0
5.47,160.3,1
5.71,186.17,0
5.4,133.81,1
6.18,171.96,0
5.29,157.41,1
5.61,163.33,0
4.89,137.22,1
6.05,170.75,0
5.25,147.51,1
5.83,144.81,0
5.61,148.56,1
5.4,153.94,0
5.36,122.49,1
5.81,170.1,0
5.83,133.44,1
6.21,140.73,0
5.32,104.8,1
5.63,182.75,0
5.88,143.02,1
5.72,168.86,0
5.07,127.19,1
5.85,191.46,0
4.89,112.79,1
5.83,193.66,0
5.02,129.98,1
5.75,187.71,0
4.84,138.7,1
5.56,203.46,0
5.16,127.31,1
6.0,181.02,0
5.11,119.37,1
5.14,183.22,0
5.43,111.98,1
5.64,204.44,0
5.53,143.05,1
5.99,197.84,0
4.9,144.05,1
5.2,175.66,0
5.55,141.02,1
5.64,152.83,0
5.14,134.53,1
5.5,149.3,0
5.2,138.35,1
6.38,154.88,0
5.23,158.06,1
5.51,221.74,0
4.87,134.71,1
5.99,135.72,0
5.29,108.96,1
5.96,197.41,0
5.06,158.91,1
5.39,158.76,0
5.08,127.89,1
6.35,149.51,0
5.15,127.13,1
6.2,191.04,0
5.42,129.84,1
6.08,141.18,0
5.25,138.88,1
5.55,164.85,0
5.23,118.95,1
5.82,189.35,0
5.2,148.72,1
5.3,169.27,0
5.22,131.51,1
5.59,188.13,0
5.21,138.2,1
5.74,155.64,0
5.31,115.6,1
5.5,186.66,0
5.18,109.47,1
5.92,166.5,0
4.52,132.24,1
5.8,133.91,0
5.74,106.4,1
5.3,144.57,0
5.36,148.37,1
5.92,157.19,0
4.89,130.73,1
5.43,162.24,0
4.96,135.72,1
5.51,158.44,0
4.94,154.67,1
5.81,157.84,0
5.07,149.42,1
5.92,173.9,0
5.56,142.65,1
6.13,184.12,0
5.08,140.32,1
5.2,216.22,0
5.31,140.49,1
5.71,156.07,0
5.48,131.09,1
5.45,152.95,0
5.54,150.96,1
5.96,226.32,0
4.98,136.81,1
5.29,179.38,0
5.33,157.44,1
5.42,192.48,0
5.19,173.5,1
5.64,209.38,0
5.94,167.96,1
6.02,185.64,0
5.36,123.86,1
5.88,194.17,0
5.27,143.42,1
5.79,207.05,0
4.93,154.77,1
5.5,176.16,0
4.75,150.98,1
6.08,147.88,0
5.12,118.9,1
5.3,126.2,0
5.11,157.67,1
5.6,147.79,0
5.57,152.7,1
6.13,193.83,0
4.78,111.49,1
5.81,170.68,0
4.7,138.47,1
6.0,156.05,0
5.92,139.27,1
6.37,173.34,0
5.37,125.19,1
5.65,180.98,0
5.37,147.94,1
6.23,169.6,0
5.28,128.3,1
5.65,197.85,0
4.99,143.78,1
6.06,171.79,0
5.46,154.39,1
6.01,181.45,0
4.89,111.34,1
5.3,181.49,0
5.35,132.16,1
5.96,176.66,0
5.26,135.9,1
5.14,195.27,0
5.21,137.21,1
5.32,166.97,0
5.35,171.85,1
5.98,175.26,0
5.14,129.6,1
5.91,174.18,0
5.24,117.51,1
5.81,158.64,0
5.18,139.66,1
5.19,192.53,0
5.15,155.68,1
6.02,207.86,0
4.94,146.97,1
6.33,218.35,0
5.44,150.26,1
5.54,166.26,0
5.16,149.19,1
5.6,142.96,0
5.39,157.5,1
5.14,200.3,0
5.56,139.55,1
6.28,157.2,0
4.93,137.85,1
5.49,153.41,0
5.26,147.03,1
6.33,184.46,0
5.25,142.54,1
5.62,144.89,0
5.79,115.54,1
5.91,184.75,0
5.2,146.71,1
5.96,156.11,0
5.19,145.24,1
6.11,177.95,0
5.6,141.78,1
5.58,162.06,0
5.65,158.0,1
6.3,150.91,0
5.16,138.91,1
5.7,173.3,0
4.68,134.81,1
5.98,144.16,0
5.22,140.18,1
5.61,201.57,0
5.85,155.48,1
6.29,171.17,0
5.3,145.09,1
5.44,148.44,0
4.95,128.9,1
5.62,170.6,0
4.55,144.03,1
5.87,182.89,0
5.17,152.76,1
5.52,152.62,0
5.6,112.2,1
5.49,177.46,0
5.45,151.15,1
5.84,175.73,0
5.26,166.67,1
5.86,169.73,0
4.63,145.99,1
6.08,179.55,0
4.92,148.5,1
5.53,177.7,0
5.45,154.27,1
5.46,180.89,0
5.56,141.41,1
6.49,155.32,0
5.08,136.74,1
5.56,183.84,0
5.53,152.96,1
5.6,172.46,0
5.09,122.93,1
6.33,157.39,0
5.4,143.33,1
6.15,159.54,0
5.31,134.98,1
5.47,136.08,0
5.14,136.91,1
6.14,186.13,0
4.84,131.15,1
5.59,163.08,0
5.23,152.71,1
5.81,199.9,0
4.9,119.22,1
5.73,168.08,0
5.67,137.21,1
5.45,162.04,0
4.82,169.49,1
6.44,160.49,0
5.77,173.63,1
5.29,184.21,0
5.21,146.89,1
5.82,162.88,0
4.95,144.6,1
6.12,196.78,0
4.91,132.55,1
5.88,179.84,0
4.91,154.59,1
5.7,132.85,0
5.26,126.31,1
5.76,151.59,0
5.21,139.65,1
6.22,184.09,0
5.26,155.48,1
5.85,213.64,0
4.84,141.21,1
6.37,175.04,0
5.03,155.18,1
5.84,183.63,0
5.54,142.18,1
6.2,161.59,0
5.33,141.9,1
5.91,163.91,0
5.61,140.81,1
5.67,187.61,0
5.27,149.18,1
5.71,199.35,0
5.86,156.06,1
5.66,161.78,0
5.38,153.06,1
5.64,176.07,0
5.16,121.25,1
5.44,151.19,0
5.24,140.89,1
5.84,219.05,0
4.98,110.27,1
5.84,193.93,0
5.09,134.85,1
5.76,208.38,0
4.99,137.73,1
5.55,171.53,0
5.09,120.48,1
5.33,177.33,0
5.31,135.8,1
6.09,165.77,0
5.23,123.3,1
6.08,159.65,0
4.82,116.61,1
6.23,184.08,0
5.86,130.59,1
5.68,173.46,0
5.11,169.52,1
6.07,186.07,0
5.13,137.97,1
5.76,193.84,0
5.42,147.88,1
5.62,201.11,0
5.09,167.29,1
6.15,184.89,0
5.1,124.37,1
5.46,180.07,0
5.21,103.37,1
5.72,181.95,0
5.7,128.69,1
5.85,181.99,0
4.97,141.61,1
6.2,171.94,0
5.22,152.27,1
5.94,191.07,0
5.34,146.15,1
5.54,132.1,0
4.87,132.76,1
6.37,177.02,0
5.35,150.81,1
5.66,180.9,0
5.44,125.14,1
5.97,169.5,0
5.42,148.35,1
5.26,159.79,0
4.89,148.9,1
5.91,180.57,0
5.68,129.63,1
5.86,184.1,0
5.22,140.96,1
5.7,215.66,0
5.1,129.45,1
5.91,178.58,0
5.46,132.27,1
6.0,181.69,0
5.49,141.47,1
5.98,190.32,0
5.3,136.74,1
5.56,183.03,0
5.25,143.76,1
5.87,232.12,0
5.54,153.22,1
6.01,139.51,0
5.64,147.73,1
5.65,161.57,0
5.34,161.07,1
6.05,181.67,0
4.89,151.82,1
5.37,174.06,0
5.39,155.48,1
6.22,214.94,0
5.52,142.87,1
5.4,174.24,0
5.38,132.51,1
6.06,176.09,0
5.18,139.1,1
5.87,183.35,0
5.15,111.33,1
6.26,148.3,0
5.01,136.64,1
5.62,156.68,0
5.75,158.15,1
5.85,135.66,0
5.17,114.42,1
6.01,184.62,0
5.16,138.7,1
5.76,190.71,0
4.67,139.59,1
5.29,189.37,0
5.2,139.48,1
6.16,190.3,0
5.15,170.44,1
5.81,196.43,0
5.02,136.28,1
5.77,167.77,0
5.32,139.58,1
5.52,109.83,0
5.54,149.55,1
5.54,152.0,0
5.64,127.9,1
5.69,199.4,0
5.35,113.11,1
5.94,186.49,0
5.05,135.6,1
6.28,193.87,0
5.39,137.79,1
5.9,214.87,0
5.06,162.59,1
5.95,192.57,0
4.8,139.58,1
5.66,194.79,0
5.41,122.44,1
5.88,137.5,0
6.0,129.19,1
5.89,140.04,0
5.46,138.28,1
6.55,186.41,0
5.43,137.75,1
5.74,191.56,0
5.16,163.43,1
5.89,141.18,0
5.5,124.53,1
6.03,149.37,0
4.78,148.93,1
5.51,190.99,0
5.12,145.84,1
5.73,154.76,0
5.53,148.55,1
6.15,168.3,0
5.15,118.04,1
6.14,141.54,0
5.52,130.95,1
5.31,184.53,0
5.31,137.55,1
5.82,160.86,0
4.79,111.31,1
5.62,164.08,0
5.31,135.9,1
5.77,165.86,0
5.64,149.77,1
5.54,160.22,0
5.51,144.38,1
5.88,164.74,0
5.14,119.08,1
6.03,154.21,0
5.22,121.97,1
5.98,140.85,0
5.31,156.78,1
6.18,173.81,0
5.47,133.16,1
5.61,158.45,0
4.77,144.02,1
5.65,159.81,0
4.99,154.04,1
6.09,165.09,0
5.41,148.35,1
6.12,180.47,0
5.28,131.78,1
6.06,184.05,0
5.78,122.26,1
5.79,186.75,0
5.1,132.1,1
5.43,172.41,0
5.22,135.01,1
6.35,150.59,0
4.57,158.67,1
6.12,144.32,0
5.26,142.54,1
5.83,163.77,0
4.94,127.02,1
5.77,197.16,0
5.55,143.12,1
5.81,205.8,0
5.4,153.37,1
6.49,170.76,0
5.51,138.56,1
5.75,173.19,0
5.25,146.72,1
6.0,149.07,0
5.2,136.74,1
5.73,210.04,0
4.54,147.84,1
5.7,193.34,0
5.18,127.09,1
5.3,180.76,0
5.33,157.15,1
6.39,177.53,0
4.85,125.55,1
5.97,155.58,0
5.14,138.95,1
5.85,156.32,0
4.46,143.37,1
5.55,201.89,0
5.18,139.76,1
5.81,185.51,0
5.23,165.47,1
6.44,144.47,0
5.1,145.58,1
6.06,169.15,0
5.45,158.88,1
6.33,179.58,0
5.05,139.91,1
6.04,138.26,0
5.06,157.48,1
5.33,163.72,0
4.69,136.29,1
5.72,139.61,0
4.92,123.76,1
5.73,177.06,0
5.41,132.74,1
5.8,215.56,0
5.21,119.87,1
5.41,162.95,0
4.77,169.9,1
5.98,155.82,0
5.13,137.15,1
5.77,199.52,0
5.86,156.46,1
5.59,154.56,0
5.31,142.25,1
5.94,192.44,0
5.11,151.39,1
6.17,204.23,0
5.33,173.92,1
5.62,194.79,0
4.74,144.59,1
5.58,152.04,0
5.38,155.67,1
6.21,161.79,0
4.72,144.22,1
5.7,172.58,0
5.19,120.1,1
5.98,195.46,0
4.76,133.87,1
5.75,192.46,0
4.96,165.39,1
6.43,153.83,0
5.62,156.35,1
5.97,170.95,0
4.87,156.49,1
5.65,190.03,0
4.94,139.97,1
5.64,205.17,0
5.1,158.25,1
5.12,199.28,0
5.03,120.79,1
5.68,139.68,0
5.44,130.07,1
6.43,200.11,0
5.07,169.21,1
5.36,196.9,0
5.03,134.39,1
6.38,154.31,0
4.83,141.31,1
5.36,221.6,0
5.44,123.24,1
5.79,180.65,0
5.04,130.97,1
6.46,185.03,0
5.57,134.34,1
5.82,143.12,0
5.49,141.94,1
6.43,138.45,0
5.24,160.88,1
5.82,171.11,0
5.39,144.85,1
5.65,177.25,0
5.5,143.19,1
5.78,144.64,0
4.55,150.38,1
6.03,189.92,0
5.12,145.24,1
6.15,164.49,0
4.99,141.03,1
5.73,197.21,0
5.42,148.04,1
5.42,193.2,0
5.07,160.41,1
5.42,159.25,0
4.52,144.63,1
5.14,198.59,0
4.9,150.63,1
5.63,162.25,0
4.97,170.76,1
5.78,180.43,0
5.37,138.04,1
5.27,184.04,0
5.44,144.19,1
5.94,200.9,0
5.13,172.25,1
5.32,169.2,0
5.29,125.91,1
5.9,156.65,0
5.35,124.17,1
5.44,164.0,0
5.44,111.9,1
5.75,182.98,0
5.4,137.51,1
5.42,179.7,0
5.46,137.42,1
5.69,171.24,0
4.95,107.42,1
5.25,191.87,0
4.51,122.03,1
5.79,163.95,0
5.64,130.35,1
5.43,195.62,0
5.54,136.79,1
5.89,212.06,0
5.59,166.05,1
6.33,174.36,0
5.12,153.48,1
5.94,186.24,0
5.02,176.58,1
5.7,175.25,0
5.53,143.04,1
5.83,166.27,0
5.19,147.84,1
5.39,149.75,0
5.72,120.82,1
5.8,190.79,0
4.95,131.83,1
5.48,202.65,0
5.45,122.73,1
6.05,180.11,0
5.02,109.17,1
5.85,180.35,0
5.13,128.48,1
5.81,153.2,0
5.55,157.19,1
6.06,174.7,0
4.93,155.11,1
6.04,193.62,0
5.73,149.1,1
5.48,177.13,0
5.26,117.76,1
5.34,202.96,0
5.02,165.07,1
5.89,145.77,0
5.07,120.05,1
5.68,170.12,0
5.12,164.47,1
5.72,172.13,0
5.38,139.27,1
5.62,215.86,0
5.22,150.3,1
6.02,158.45,0
4.79,136.65,1
6.08,143.68,0
5.16,160.29,1
4.91,193.18,0
5.28,149.53,1
6.33,175.39,0
5.23,145.99,1
5.83,168.88,0
4.93,121.12,1
5.96,170.35,0
5.24,166.14,1
5.77,200.45,0
5.27,160.68,1
5.64,178.01,0
5.12,182.57,1
5.63,192.01,0
5.59,174.04,1
5.84,180.93,0
4.92,152.73,1
5.21,167.6,0
5.19,139.58,1
5.77,187.56,0
4.95,141.48,1
5.12,178.76,0
4.68,121.69,1
5.68,177.16,0
5.0,134.54,1
5.99,161.31,0
4.85,113.03,1
6.15,157.36,0
5.22,149.55,1
6.21,185.63,0
5.3,141.67,1
5.34,169.15,0
5.81,159.63,1
5.91,211.56,0
5.11,160.31,1
5.52,177.85,0
4.85,126.94,1
5.93,178.83,0
5.11,156.08,1
5.59,166.59,0
5.83,132.19,1
5.75,218.5,0
5.51,151.4,1
5.43,135.7,0
4.7,151.09,1
5.55,170.19,0
5.42,133.46,1
5.73,153.21,0
5.1,136.45,1
6.03,214.91,0
5.33,168.45,1
6.36,185.79,0
5.09,116.13,1
5.96,173.52,0
5.34,127.11,1
5.86,154.72,0
5.17,116.43,1
5.86,198.11,0
5.25,137.36,1
5.67,159.97,0
4.93,105.59,1
6.22,148.74,0
5.03,134.43,1
5.87,125.77,0
5.15,162.12,1
5.7,179.18,0
5.29,130.91,1
5.56,199.47,0
5.54,144.63,1
5.93,213.36,0
5.42,139.61,1
5.54,176.25,0
5.43,134.18,1
5.86,161.03,0
5.24,139.73,1
5.87,189.04,0
5.13,158.62,1
6.13,156.75,0
4.6,141.41,1
5.65,178.79,0
5.25,149.43,1
5.09,158.21,0
5.36,116.95,1
5.87,161.35,0
5.77,143.14,1
6.03,159.6,0
5.16,166.08,1
5.31,176.63,0
4.83,142.79,1
5.61,178.47,0
4.94,141.69,1
5.68,148.71,0
4.94,132.14,1
5.74,172.06,0
5.09,119.17,1
5.8,207.81,0
4.89,162.0,1
6.23,160.06,0
4.79,120.69,1
5.62,176.88,0
5.08,138.83,1
5.81,200.32,0
5.09,125.97,1
6.16,194.05,0
5.39,122.3,1
5.43,203.31,0
4.57,143.58,1
5.52,188.35,0
5.32,140.78,1
5.86,124.8,0
5.03,138.07,1
6.11,127.95,0
5.38,139.71,1
5.63,166.22,0
5.04,128.18,1
6.5,172.97,0
4.72,139.13,1
5.82,157.41,0
5.2,158.65,1
6.15,191.57,0
4.98,154.13,1
5.75,180.91,0
5.31,170.46,1
5.61,198.42,0
5.07,135.69,1
6.03,189.33,0
5.25,146.56,1
6.16,198.53,0
5.19,143.12,1
5.6,177.17,0
5.36,125.34,1
5.79,158.86,0
5.22,139.88,1
5.13,189.37,0
4.81,146.91,1
5.76,132.94,0
4.88,132.92,1
6.71,194.38,0
5.37,141.82,1
5.79,199.91,0
4.86,116.54,1
5.92,170.47,0
5.19,151.58,1
4.88,163.15,0
5.14,143.52,1
6.64,144.58,0
4.94,139.21,1
5.71,121.0,0
5.8,137.96,1
6.07,165.48,0
4.98,115.62,1
6.82,181.99,0
5.48,145.43,1
5.65,171.59,0
4.28,160.16,1
5.48,142.13,0
5.56,127.36,1
5.96,196.35,0
4.89,158.61,1
5.89,208.96,0
5.08,134.99,1
6.27,170.4,0
4.28,124.73,1
6.05,181.38,0
5.24,160.47,1
5.55,187.25,0
5.49,145.04,1
6.15,168.61,0
5.14,147.97,1
5.62,196.22,0
5.02,169.35,1
5.73,176.55,0
4.94,142.89,1
5.57,177.96,0
5.31,127.4,1
5.89,182.45,0
5.2,150.59,1
6.08,154.67,0
5.14,153.58,1
5.59,168.05,0
4.5,136.65,1
6.11,158.69,0
5.22,152.12,1
5.87,166.32,0
5.44,141.23,1
5.04,168.97,0
5.14,145.96,1
6.26,211.71,0
4.79,133.86,1
6.43,163.1,0
5.18,129.18,1
5.94,188.95,0
4.83,140.17,1
5.7,133.67,0
5.15,137.27,1
6.21,199.07,0
4.45,147.26,1
5.55,202.85,0
5.1,130.44,1
5.64,190.27,0
5.4,143.8,1
5.82,175.55,0
4.97,153.62,1
5.29,182.76,0
5.45,115.52,1
6.15,150.41,0
4.94,85.77,1
5.43,197.06,0
5.39,136.64,1
5.79,170.23,0
5.04,136.43,1
5.44,194.11,0
4.69,122.22,1
6.17,153.81,0
5.51,122.98,1
5.39,159.19,0
5.35,171.43,1
6.01,113.55,0
5.35,130.27,1
5.61,152.03,0
5.22,128.66,1
5.52,147.05,0
5.7,134.62,1
5.27,111.69,0
5.25,126.37,1
5.51,180.87,0
5.23,126.83,1
5.42,183.09,0
4.67,130.57,1
5.49,186.12,0
5.32,141.76,1
6.12,156.41,0
5.11,142.72,1
5.73,160.34,0
4.99,129.67,1
5.66,174.3,0
5.4,106.81,1
5.73,183.7,0
5.04,153.23,1
6.56,203.88,0
5.55,173.3,1
6.25,198.4,0
5.48,162.31,1
5.66,183.89,0
5.97,127.4,1
5.53,177.71,0
5.71,141.09,1
5.99,176.59,0
5.24,120.23,1
5.32,223.15,0
4.48,126.58,1
4.98,173.85,0
5.07,134.85,1
5.87,190.4,0
4.7,112.04,1
6.17,150.08,0
5.29,110.62,1
5.38,163.71,0
5.61,103.46,1
5.88,144.56,0
5.37,142.9,1
5.52,208.71,0
5.24,132.53,1
6.13,174.65,0
5.36,113.65,1
5.03,179.18,0
5.41,134.75,1
5.51,200.67,0
4.99,133.52,1
5.82,178.8,0
5.32,122.66,1
6.1,162.95,0
4.87,110.68,1
5.96,181.53,0
4.93,153.93,1
5.68,181.59,0
5.33,147.26,1
5.99,167.67,0
5.13,130.86,1
6.23,160.32,0
4.44,142.19,1
5.34,164.04,0
5.28,131.51,1
5.99,181.01,0
5.18,160.02,1
6.1,180.15,0
5.3,170.2,1
5.52,195.55,0
5.35,156.69,1
5.53,195.21,0
4.8,139.59,1
5.42,185.85,0
4.65,135.78,1
5.42,190.17,0
4.7,139.17,1
6.08,163.85,0
5.27,145.41,1
5.99,185.04,0
4.88,159.81,1
5.25,184.25,0
5.3,155.65,1
6.13,132.94,0
5.14,119.95,1
5.9,174.32,0
4.93,152.0,1
5.94,176.98,0
4.93,156.1,1
5.43,159.57,0
5.14,127.75,1
5.43,141.66,0
5.42,155.1,1
5.39,197.92,0
4.82,142.1,1
5.74,150.81,0
5.03,125.55,1
5.94,166.35,0
5.73,124.41,1
6.05,144.46,0
4.89,159.97,1
5.66,174.01,0
5.33,156.18,1
5.67,176.05,0
5.32,114.05,1
5.86,161.52,0
4.95,113.96,1
6.27,184.47,0
4.99,167.36,1
6.09,183.76,0
5.52,156.76,1
5.25,153.16,0
5.12,128.48,1
5.68,233.85,0
4.96,163.13,1
5.85,177.02,0
5.55,152.23,1
5.48,152.59,0
4.79,137.55,1
5.68,175.72,0
5.51,142.49,1
5.94,205.59,0
5.52,149.81,1
5.62,185.98,0
4.84,156.05,1
5.66,192.79,0
5.0,120.31,1
5.74,166.28,0
5.51,133.76,1
5.92,168.7,0
5.11,135.46,1
5.64,179.61,0
5.33,131.48,1
5.77,149.44,0
5.46,148.38,1
5.38,186.6,0
4.64,133.77,1
5.72,177.33,0
5.18,128.21,1
5.67,164.07,0
5.3,133.48,1
5.86,137.41,0
4.76,136.99,1
5.74,199.28,0
5.22,137.18,1
5.72,138.05,0
5.57,151.95,1
6.54,161.02,0
5.7,141.35,1
6.09,188.81,0
5.12,134.3,1
5.8,190.26,0
5.34,143.45,1
5.83,184.18,0
5.31,146.98,1
5.79,152.23,0
5.15,156.85,1
5.79,140.13,0
5.48,135.92,1
5.58,184.19,0
5.12,153.5,1
5.48,189.3,0
4.83,144.8,1
5.74,160.36,0
5.01,124.82,1
5.9,190.8,0
5.43,133.2,1
5.5,202.8,0
5.25,134.06,1
5.72,170.11,0
5.34,129.94,1
5.88,182.89,0
5.04,136.27,1
5.63,166.54,0
5.31,132.72,1
5.45,162.3,0
5.5,134.35,1
5.9,165.53,0
5.45,144.97,1
6.15,169.99,0
4.83,136.36,1
5.76,189.01,0
5.73,140.29,1
5.87,183.48,0
5.09,147.93,1
5.37,154.92,0
5.12,130.19,1
5.42,185.12,0
4.74,151.43,1
5.57,158.07,0
4.48,132.26,1
5.74,171.32,0
5.43,123.34,1
5.7,160.49,0
5.29,138.23,1
5.96,201.2,0
4.99,149.4,1
5.92,189.12,0
5.16,150.34,1
5.68,173.74,0
5.05,118.14,1
5.54,199.73,0
5.25,140.94,1
5.8,173.67,0
5.32,152.55,1
6.2,184.77,0
5.41,82.76,1
5.99,161.47,0
5.39,152.2,1
5.7,190.49,0
4.83,152.35,1
6.02,144.7,0
5.32,127.84,1
5.96,177.46,0
5.04,115.4,1
5.28,167.96,0
5.07,146.71,1
5.66,131.43,0
5.11,155.84,1
5.78,183.45,0
5.06,128.25,1
5.97,193.83,0
5.03,162.31,1
5.86,165.84,0
5.22,134.23,1
5.39,167.64,0
5.36,128.78,1
5.57,218.0,0
5.05,131.39,1
5.61,165.35,0
5.55,126.45,1
6.01,180.96,0
5.35,139.9,1
5.9,175.18,0
5.5,151.78,1
6.63,147.8,0
5.78,131.63,1
6.68,155.13,0
5.19,113.62,1
5.78,167.22,0
5.1,139.73,1
5.5,188.42,0
4.82,159.13,1
5.98,163.42,0
5.25,142.08,1
6.07,216.48,0
5.2,160.15,1
5.39,200.45,0
5.24,143.1,1
5.82,161.78,0
5.19,128.86,1
5.42,226.41,0
5.04,141.66,1
5.59,155.66,0
5.01,145.13,1
6.13,201.4,0
4.23,141.65,1
6.1,185.21,0
4.79,140.62,1
5.76,176.09,0
4.27,125.6,1
6.24,158.81,0
4.99,141.77,1
5.82,163.21,0
5.32,147.56,1
5.85,167.5,0
5.29,147.97,1
5.26,218.15,0
5.5,149.34,1
6.11,194.29,0
5.05,132.66,1
6.08,142.91,0
4.93,140.3,1
5.76,206.54,0
5.79,134.38,1
5.68,164.1,0
4.65,155.66,1
5.91,154.46,0
5.11,115.8,1
5.71,147.05,0
5.13,129.42,1
5.91,171.91,0
5.1,118.52,1
5.54,155.51,0
5.5,123.5,1
5.87,147.63,0
5.19,166.56,1
5.65,201.93,0
5.09,140.62,1
6.04,181.67,0
4.98,115.85,1
5.46,140.77,0
5.23,164.48,1
5.46,146.83,0
5.19,105.35,1
6.18,202.68,0
4.99,135.49,1
5.58,164.28,0
4.99,157.61,1
6.17,172.25,0
5.05,154.64,1
5.72,146.77,0
4.69,182.87,1
5.23,191.63,0
5.65,140.83,1
6.42,183.33,0
5.21,129.4,1
6.03,152.44,0
5.54,154.99,1
5.7,172.03,0
5.47,154.01,1
5.36,182.64,0
5.06,116.49,1
5.5,140.3,0
5.11,128.83,1
6.14,197.46,0
5.85,130.52,1
6.4,183.28,0
5.15,112.98,1
5.92,167.17,0
5.17,129.24,1
5.76,174.14,0
5.44,153.71,1
5.56,181.58,0
5.65,139.38,1
5.53,131.36,0
4.96,124.21,1
5.91,167.55,0
5.63,137.06,1
5.74,201.54,0
5.54,160.66,1
5.58,180.35,0
4.99,141.38,1
5.67,222.79,0
5.17,116.07,1
6.03,171.79,0
4.73,136.29,1
5.58,143.26,0
5.67,139.5,1
5.92,199.53,0
4.32,131.41,1
4.78,204.89,0
5.13,153.82,1
5.88,166.74,0
5.28,143.88,1
6.33,194.1,0
4.69,131.33,1
6.17,167.68,0
5.06,118.66,1
5.9,147.77,0
5.37,136.71,1
5.78,184.66,0
4.96,117.53,1
5.75,190.04,0
5.06,134.68,1
5.35,196.46,0
4.89,149.9,1
5.45,147.07,0
5.06,140.77,1
5.47,178.06,0
5.38,137.29,1
5.74,161.53,0
5.54,121.89,1
5.72,197.71,0
5.21,137.12,1
5.95,177.64,0
5.04,126.61,1
5.51,145.6,0
5.05,137.01,1
5.42,179.98,0
4.97,128.03,1
5.96,196.28,0
5.3,161.0,1
5.91,210.31,0
5.64,151.87,1
5.64,160.73,0
5.53,128.56,1
5.37,164.98,0
5.12,124.47,1
5.76,178.72,0
5.53,132.59,1
5.86,190.09,0
5.14,138.64,1
6.36,192.31,0
4.97,142.77,1
5.72,158.22,0
5.57,144.44,1
5.67,183.98,0
5.18,163.57,1
6.26,175.31,0
5.48,124.83,1
5.52,145.36,0
5.02,169.28,1
5.27,140.23,0
4.93,144.79,1
5.62,150.94,0
5.44,123.81,1
5.37,174.75,0
5.19,140.29,1
6.2,157.15,0
5.31,122.98,1
6.53,171.51,0
5.05,130.04,1
5.18,176.59,0
4.87,124.98,1
5.8,156.22,0
5.28,122.98,1
6.14,186.02,0
4.9,148.53,1
5.66,208.3,0
5.39,146.91,1
6.01,163.13,0
5.25,125.44,1
6.14,175.63,0
4.89,159.77,1
5.99,159.14,0
4.86,149.97,1
5.74,175.89,0
5.29,164.52,1
5.59,186.72,0
5.28,146.92,1
5.56,134.09,0
5.34,133.18,1
6.1,198.21,0
5.69,158.08,1
6.24,160.56,0
5.49,173.58,1
5.93,197.2,0
5.15,127.29,1
5.89,176.03,0
5.53,163.21,1
5.9,194.55,0
4.8,101.49,1
5.46,155.39,0
5.11,129.12,1
5.47,158.67,0
5.45,139.68,1
6.09,197.56,0
5.54,147.68,1
5.72,151.29,0
5.49,152.83,1
5.41,176.27,0
4.96,151.66,1
5.93,181.01,0
5.38,138.74,1
5.98,192.82,0
5.4,160.19,1
5.79,199.46,0
5.48,143.77,1
6.06,210.76,0
5.21,128.81,1
5.66,152.38,0
5.09,143.68,1
5.96,129.16,0
5.02,136.62,1
5.9,225.73,0
5.09,121.63,1
5.87,181.75,0
5.31,125.84,1
6.26,187.16,0
5.33,151.45,1
5.77,210.57,0
5.54,153.53,1
6.2,183.79,0
5.66,158.48,1
5.29,165.98,0
4.96,121.7,1
5.76,188.76,0
5.28,146.11,1
5.59,164.06,0
5.58,142.09,1
5.61,170.83,0
5.23,157.31,1
6.1,162.57,0
5.74,129.52,1
5.41,180.85,0
5.08,139.51,1
6.08,162.17,0
5.09,129.36,1
5.52,146.93,0
5.29,131.6,1
5.98,160.66,0
4.89,139.02,1
6.2,200.4,0
5.45,143.82,1
5.81,143.6,0
5.2,105.4,1
5.91,171.36,0
5.15,118.95,1
5.29,211.27,0
5.45,125.71,1
6.26,192.05,0
4.87,131.68,1
5.58,155.45,0
5.16,125.16,1
6.19,183.85,0
5.22,150.06,1
6.07,175.19,0
4.88,139.0,1
6.07,153.76,0
5.67,138.02,1
6.06,252.5,0
5.29,169.33,1
5.52,159.9,0
5.06,133.25,1
6.51,188.65,0
5.46,138.11,1
5.9,160.67,0
4.92,130.17,1
6.42,169.67,0
5.11,139.85,1
5.91,164.96,0
5.13,145.66,1
5.36,195.37,0
5.06,142.03,1
5.75,201.47,0
5.6,131.73,1
5.85,202.7,0
5.18,148.38,1
5.74,236.74,0
4.79,118.53,1
5.8,177.52,0
5.02,151.36,1
6.03,178.32,0
5.0,133.93,1
5.25,175.65,0
5.11,151.21,1
6.0,209.06,0
5.02,159.63,1
5.94,203.1,0
5.15,118.27,1
5.64,183.73,0
5.15,115.26,1
5.78,208.12,0
5.71,146.07,1
5.96,167.16,0
4.51,147.11,1
5.88,205.54,0
4.86,138.06,1
6.25,169.09,0
4.97,133.82,1
5.57,176.29,0
5.51,151.64,1
5.72,173.03,0
5.3,114.79,1
5.21,174.1,0
5.37,162.37,1
5.88,178.62,0
5.05,133.36,1
5.53,178.61,0
5.2,159.72,1
5.53,167.3,0
5.06,161.15,1
5.84,165.96,0
6.0,117.22,1
5.91,209.67,0
5.04,132.92,1
6.13,186.88,0
5.16,149.51,1
5.46,222.73,0
5.27,137.3,1
6.14,207.05,0
5.69,137.65,1
6.05,172.11,0
5.21,145.37,1
5.54,155.06,0
5.18,161.1,1
5.76,148.54,0
5.43,126.02,1
6.54,176.63,0
5.16,134.41,1
5.88,166.83,0
5.09,154.37,1
5.29,192.59,0
5.64,131.7,1
6.09,190.83,0
5.27,158.0,1
5.72,181.72,0
5.39,149.44,1
6.15,171.11,0
5.09,152.78,1
5.71,184.17,0
5.16,162.69,1
5.76,176.66,0
5.19,132.34,1
5.77,169.11,0
5.2,127.05,1
5.64,160.39,0
5.27,127.88,1
5.84,187.85,0
5.26,156.02,1
5.59,174.03,0
5.65,135.64,1
5.73,170.39,0
4.99,155.32,1
6.17,195.03,0
4.98,153.59,1
5.78,193.1,0
5.22,140.54,1
5.47,144.02,0
5.7,144.84,1
5.69,150.7,0
5.38,149.55,1
5.86,124.03,0
5.78,152.26,1
5.45,155.3,0
4.86,162.86,1
5.84,199.27,0
5.17,160.1,1
5.94,149.86,0
4.61,134.78,1
6.07,188.85,0
5.47,133.13,1
5.94,173.85,0
5.34,129.02,1
6.0,172.93,0
4.95,136.05,1
6.12,151.46,0
4.57,164.14,1
5.97,197.59,0
4.92,138.95,1
5.63,138.95,0
5.52,135.03,1
5.95,172.01,0
5.19,127.83,1
5.74,186.94,0
5.16,137.56,1
5.55,174.16,0
4.86,116.3,1
5.92,181.91,0
5.03,111.52,1
5.77,158.43,0
5.57,151.41,1
5.81,210.97,0
4.91,151.51,1
5.56,182.99,0
5.03,155.12,1
6.22,186.5,0
4.68,129.47,1
6.17,148.53,0
5.4,113.2,1
5.29,183.44,0
5.01,107.55,1
5.94,175.62,0
5.35,132.52,1
5.64,206.16,0
4.85,140.94,1
5.6,161.23,0
5.19,131.97,1
5.48,168.43,0
5.2,143.28,1
5.69,200.2,0
5.07,150.93,1
5.23,170.45,0
5.58,131.15,1
6.03,188.85,0
5.33,136.58,1
5.83,189.88,0
5.06,119.91,1
5.44,159.74,0
5.09,155.05,1
6.02,187.0,0
5.5,139.71,1
6.05,152.89,0
5.71,148.23,1
6.6,200.51,0
4.8,124.05,1
6.04,200.85,0
5.3,131.68,1
6.07,182.6,0
5.57,125.05,1
5.76,177.04,0
5.3,138.39,1
6.37,204.56,0
4.75,145.33,1
5.71,163.09,0
5.04,128.23,1
5.77,169.86,0
5.51,144.4,1
5.53,191.93,0
5.05,146.43,1
5.6,168.73,0
5.34,148.84,1
5.98,174.23,0
4.48,128.15,1
5.61,176.66,0
5.22,146.59,1
5.88,169.85,0
5.57,124.41,1
5.61,180.5,0
4.92,141.47,1
5.85,211.87,0
5.48,131.83,1
5.34,183.1,0
5.17,119.75,1
6.23,197.69,0
5.52,163.06,1
6.53,202.11,0
6.01,139.07,1
5.69,196.1,0
5.2,132.0,1
5.94,181.14,0
4.94,144.24,1
6.1,214.96,0
5.45,153.53,1
6.18,176.44,0
5.3,124.49,1
6.3,194.91,0
5.49,163.26,1
5.72,191.24,0
4.96,155.33,1
5.72,213.53,0
5.18,147.74,1
6.33,173.27,0
4.39,121.63,1
5.31,134.22,0
5.43,156.98,1
5.99,167.59,0
5.56,140.04,1
6.09,171.68,0
5.25,155.64,1
6.19,189.54,0
5.51,122.79,1
5.81,155.98,0
5.18,104.03,1
5.25,175.7,0
5.03,136.81,1
6.05,145.37,0
5.32,128.12,1
6.18,235.48,0
5.14,114.15,1
5.73,177.84,0
5.16,151.31,1
6.03,186.4,0
4.53,131.69,1
5.74,160.51,0
4.99,156.28,1
6.41,182.55,0
5.6,162.99,1
6.17,187.69,0
5.34,139.67,1
6.04,184.09,0
5.24,157.13,1
6.21,150.99,0
4.98,143.22,1
5.73,191.51,0
5.21,126.24,1
5.81,178.47,0
5.12,153.24,1
6.02,172.48,0
4.97,111.45,1
5.65,155.89,0
5.23,146.08,1
5.54,165.02,0
5.15,124.28,1
6.32,175.97,0
5.29,143.46,1
6.0,184.17,0
4.76,125.41,1
5.97,194.14,0
5.26,136.28,1
5.72,177.23,0
5.09,135.58,1
5.9,174.0,0
5.25,144.93,1
5.9,177.5,0
5.68,127.73,1
5.84,151.8,0
4.77,125.8,1
5.98,192.44,0
4.92,121.92,1
5.71,189.58,0
4.96,159.08,1
5.5,178.73,0
5.07,133.83,1
6.06,124.53,0
4.46,109.49,1
5.5,169.99,0
4.82,149.27,1
6.06,172.5,0
5.91,151.61,1
5.82,182.7,0
5.19,140.59,1
5.73,193.5,0
5.49,133.98,1
6.13,163.48,0
5.32,140.9,1
5.9,182.87,0
5.63,130.82,1
5.81,161.22,0
4.78,156.09,1
6.35,222.47,0
5.33,130.18,1
5.53,172.32,0
5.32,141.36,1
6.29,167.02,0
5.26,153.63,1
5.92,175.58,0
5.06,154.92,1
5.51,199.43,0
5.22,135.93,1
6.0,186.96,0
4.85,150.21,1
6.17,148.88,0
5.51,153.43,1
5.15,196.51,0
4.77,166.79,1
6.49,137.31,0
5.32,160.52,1
5.35,174.37,0
5.31,140.47,1
5.38,202.85,0
5.64,159.84,1
5.78,185.9,0
5.34,128.53,1
5.36,180.8,0
4.91,119.3,1
5.44,208.65,0
5.05,156.38,1
5.94,171.45,0
5.46,119.18,1
5.82,141.08,0
4.58,134.91,1
5.68,164.5,0
4.9,152.49,1
5.83,188.72,0
5.09,149.32,1
5.42,191.87,0
5.09,146.12,1
5.73,184.83,0
4.84,142.06,1
5.9,175.27,0
5.03,134.64,1
5.52,162.85,0
5.57,140.11,1
5.96,183.04,0
4.69,120.9,1
6.18,141.94,0
5.32,107.86,1
5.59,203.61,0
4.51,139.22,1
5.8,152.03,0
5.26,128.49,1
5.69,167.5,0
4.57,155.16,1
5.73,188.27,0
5.46,126.81,1
5.82,189.66,0
5.46,146.46,1
5.48,160.54,0
4.95,122.92,1
5.72,191.4,0
5.36,153.32,1
5.86,184.9,0
5.4,121.87,1
6.14,201.93,0
5.06,130.44,1
6.26,154.79,0
5.11,140.96,1
5.97,160.27,0
5.25,146.94,1
6.06,154.35,0
5.28,128.45,1
5.53,166.49,0
5.24,141.85,1
5.52,191.71,0
5.08,144.62,1
5.99,182.24,0
4.68,179.77,1
5.39,144.33,0
4.86,141.27,1
5.59,177.63,0
5.43,155.17,1
6.1,221.54,0
5.26,140.91,1
5.27,156.22,0
5.21,118.85,1
6.03,160.74,0
5.2,131.89,1
5.88,191.65,0
4.84,160.84,1
5.81,157.62,0
5.79,131.92,1
6.12,190.45,0
4.98,137.18,1
5.58,171.9,0
5.17,172.75,1
5.91,149.71,0
4.96,126.02,1
5.99,203.07,0
5.21,142.4,1
5.5,177.46,0
4.78,112.37,1
5.78,177.05,0
4.92,141.17,1
5.58,151.58,0
4.95,170.63,1
5.68,201.67,0
5.26,138.17,1
6.14,201.3,0
5.11,101.34,1
5.78,173.52,0
4.81,110.35,1
5.59,211.99,0
5.4,157.72,1
5.81,159.86,0
5.34,160.32,1
6.21,182.32,0
5.54,140.79,1
5.55,177.11,0
4.78,130.3,1
5.84,198.62,0
5.23,142.58,1
4.94,179.05,0
5.54,138.65,1
5.72,173.89,0
4.83,151.78,1
5.54,158.26,0
5.2,141.28,1
5.85,177.78,0
4.75,152.13,1
5.63,187.62,0
5.52,135.67,1
6.33,173.69,0
5.74,163.37,1
5.85,169.3,0
5.29,177.77,1
5.65,173.56,0
5.05,123.1,1
5.17,159.42,0
5.21,146.31,1
5.53,192.48,0
5.46,158.41,1
5.98,132.92,0
5.16,147.11,1
5.66,134.93,0
5.57,145.96,1
5.31,193.54,0
5.19,136.12,1
5.53,199.06,0
5.51,142.68,1
5.58,175.17,0
5.38,153.46,1
5.65,142.73,0
5.59,149.93,1
6.27,145.85,0
4.98,95.46,1
5.48,141.76,0
5.35,131.64,1
5.73,169.43,0
5.0,145.9,1
5.49,164.0,0
4.97,131.46,1
5.81,182.03,0
4.91,125.69,1
5.73,155.67,0
5.32,159.64,1
5.67,192.57,0
5.64,140.23,1
5.63,200.49,0
5.12,139.1,1
5.8,176.11,0
5.16,154.64,1
5.89,161.41,0
4.95,121.1,1
5.11,179.85,0
5.3,134.45,1
6.17,146.49,0
5.47,119.53,1
5.54,181.19,0
5.31,136.22,1
5.96,169.08,0
5.5,149.24,1
6.16,169.2,0
5.77,135.09,1
5.9,215.21,0
5.15,169.81,1
5.57,206.28,0
5.44,128.57,1
5.75,180.26,0
5.23,118.44,1
4.85,165.4,0
4.75,147.37,1
5.87,184.63,0
4.95,153.62,1
5.81,188.05,0
4.72,122.28,1
5.52,195.78,0
5.66,135.91,1
5.46,181.2,0
5.64,140.95,1
5.89,174.96,0
5.46,142.98,1
5.69,190.25,0
5.24,154.0,1
6.01,158.37,0
5.38,120.34,1
5.54,207.1,0
5.16,128.55,1
6.15,143.82,0
5.04,147.79,1
5.48,169.58,0
4.77,160.58,1
6.75,172.18,0
5.14,143.84,1
6.06,194.58,0
5.07,144.04,1
5.61,176.4,0
4.9,129.49,1
5.62,173.36,0
5.06,129.13,1
5.8,145.16,0
5.1,108.62,1
6.2,234.36,0
5.46,144.91,1
5.57,195.98,0
5.17,131.33,1
5.61,192.32,0
5.2,145.43,1
5.34,157.81,0
5.22,142.19,1
5.93,194.58,0
5.22,171.72,1
5.78,186.73,0
5.16,152.26,1
6.0,180.1,0
5.04,130.03,1
5.26,162.24,0
5.23,146.85,1
5.85,168.08,0
5.37,157.21,1
6.02,209.16,0
5.24,155.07,1
5.75,189.77,0
4.85,109.85,1
6.03,171.9,0
5.62,120.68,1
5.97,212.76,0
5.4,160.99,1
5.29,187.66,0
4.85,129.35,1
5.67,202.11,0
5.44,160.3,1
5.98,187.93,0
5.1,117.63,1
5.82,171.31,0
5.31,146.47,1
6.26,184.43,0
4.85,135.08,1
6.77,215.71,0
4.71,128.32,1
5.85,176.58,0
5.13,137.88,1
5.03,169.37,0
4.94,115.67,1
5.79,160.09,0
5.38,121.89,1
5.59,183.47,0
5.2,143.79,1
5.92,195.35,0
5.5,125.58,1
5.72,178.16,0
5.19,119.4,1
5.63,205.52,0
4.98,165.07,1
5.52,202.37,0
5.29,131.3,1
5.75,197.0,0
4.92,138.87,1
5.66,159.33,0
4.86,165.79,1
6.04,175.76,0
4.8,135.33,1
6.16,180.01,0
4.9,146.93,1
5.88,207.11,0
5.21,153.37,1
5.45,171.49,0
5.46,136.5,1
6.07,175.24,0
5.44,109.79,1
5.83,194.6,0
4.82,147.66,1
5.6,180.14,0
5.42,169.8,1
5.77,178.49,0
5.23,129.59,1
6.25,150.37,0
4.59,139.9,1
6.07,177.39,0
5.05,125.17,1
5.68,159.91,0
4.49,116.45,1
5.81,181.6,0
5.34,123.4,1
5.83,176.76,0
5.2,145.48,1
6.26,180.25,0
5.78,143.95,1
5.88,200.0,0
5.12,154.48,1
5.32,178.85,0
5.18,146.39,1
5.84,190.38,0
4.93,115.01,1
5.71,183.69,0
5.24,143.24,1
6.4,127.4,0
5.01,182.28,1
6.32,193.14,0
5.28,142.61,1
5.74,210.44,0
4.64,138.86,1
5.45,144.85,0
4.61,145.83,1
5.17,169.9,0
4.8,128.75,1
5.7,206.15,0
4.98,122.67,1
5.77,200.69,0
5.11,134.98,1
5.19,152.58,0
5.12,135.05,1
6.1,201.63,0
5.54,155.38,1
5.3,163.04,0
5.19,143.94,1
5.76,155.58,0
4.91,139.02,1
5.53,181.65,0
5.17,144.39,1
5.46,159.52,0
5.32,125.78,1
5.59,185.68,0
5.0,144.43,1
5.69,152.42,0
5.48,150.73,1
5.83,168.92,0
5.18,142.1,1
5.97,173.17,0
5.18,143.28,1
5.53,200.27,0
5.29,116.07,1
5.78,184.66,0
5.49,137.76,1
5.8,166.39,0
4.87,127.75,1
6.23,164.95,0
5.24,139.09,1
5.82,174.1,0
5.1,142.37,1
5.52,171.31,0
5.23,122.66,1
5.73,158.2,0
5.48,145.73,1
6.76,196.61,0
4.82,145.99,1
5.94,173.78,0
4.84,137.86,1
5.91,176.62,0
4.89,166.91,1
5.57,163.68,0
4.74,143.0,1
5.86,194.9,0
5.26,150.44,1
5.92,180.36,0
5.35,124.11,1
6.18,168.27,0
4.9,161.05,1
5.93,169.48,0
5.36,154.25,1
5.7,165.92,0
4.89,113.48,1
6.01,201.61,0
5.14,138.29,1
6.27,170.09,0
5.15,150.03,1
6.12,185.23,0
5.04,151.03,1
6.22,198.78,0
4.84,119.52,1
6.1,160.64,0
5.19,132.36,1
5.97,168.58,0
4.83,136.18,1
5.99,162.28,0
5.09,156.4,1
5.13,238.29,0
5.25,129.6,1
6.05,169.28,0
5.38,141.88,1
5.88,181.66,0
5.33,124.09,1
6.02,206.01,0
5.23,149.78,1
5.52,184.47,0
5.05,145.18,1
6.12,189.55,0
5.4,161.82,1
5.97,164.62,0
5.27,114.73,1
5.74,198.62,0
5.2,112.3,1
5.26,173.03,0
5.1,141.86,1
6.2,169.19,0
5.12,115.97,1
6.28,164.94,0
5.12,141.32,1
5.99,174.57,0
4.96,127.78,1
5.01,162.17,0
5.03,143.14,1
6.24,176.81,0
4.95,162.71,1
6.02,190.99,0
5.37,154.81,1
5.64,184.55,0
4.81,122.79,1
5.82,184.7,0
5.1,105.8,1
5.9,159.16,0
5.44,155.63,1
6.31,203.36,0
4.93,93.71,1
6.04,141.0,0
5.33,155.94,1
5.57,158.8,0
5.23,137.62,1
5.47,169.59,0
5.34,142.48,1
6.37,152.58,0
5.13,137.53,1
5.6,162.46,0
5.2,147.69,1
5.6,193.16,0
4.49,142.33,1
5.64,177.9,0
4.74,136.13,1
5.86,164.2,0
5.31,150.19,1
6.26,186.14,0
5.11,107.37,1
6.2,161.75,0
5.63,154.26,1
5.88,158.74,0
4.72,124.31,1
6.16,188.84,0
5.24,149.01,1
5.89,213.35,0
5.51,139.38,1
5.74,200.6,0
4.59,127.69,1
5.49,188.08,0
5.16,130.31,1
5.35,165.84,0
5.62,155.32,1
5.81,167.32,0
5.17,128.72,1
5.62,176.54,0
5.05,168.34,1
5.47,180.17,0
5.54,142.01,1
6.07,171.99,0
5.19,146.32,1
5.93,179.65,0
5.0,151.15,1
5.62,157.7,0
5.39,134.43,1
5.56,170.64,0
4.73,106.13,1
5.3,178.48,0
5.71,151.23,1
5.61,163.08,0
5.17,139.19,1
5.46,197.03,0
4.95,119.94,1
5.47,229.31,0
5.12,149.69,1
6.33,198.78,0
5.22,143.03,1
5.61,172.81,0
5.11,122.14,1
5.92,159.98,0
5.03,146.43,1
5.23,186.5,0
5.25,133.21,1
6.51,196.5,0
5.16,158.93,1
5.91,172.38,0
5.55,150.21,1
5.3,174.98,0
4.92,130.71,1
6.1,176.46,0
4.99,163.17,1
5.81,186.79,0
4.95,129.41,1
5.73,174.91,0
4.52,120.45,1
6.27,161.03,0
4.69,146.77,1
6.11,160.23,0
5.34,117.93,1
5.58,162.77,0
4.96,158.63,1
5.67,159.17,0
5.68,149.99,1
6.31,184.87,0
5.38,133.69,1
6.12,194.09,0
5.04,149.29,1
5.75,166.2,0
4.69,142.2,1
5.66,207.19,0
5.48,154.5,1
5.85,173.74,0
5.64,133.9,1
6.11,186.49,0
4.77,152.15,1
6.19,140.85,0
5.01,135.11,1
5.35,181.93,0
5.24,148.38,1
5.89,203.23,0
5.27,138.93,1
5.83,176.75,0
5.46,168.36,1
6.17,202.43,0
4.89,143.55,1
5.74,144.28,0
5.38,144.35,1
5.92,145.85,0
5.24,172.94,1
5.69,180.18,0
5.29,113.66,1
6.15,154.84,0
5.47,139.68,1
6.1,174.23,0
5.75,127.32,1
6.09,180.99,0
5.3,148.95,1
5.31,208.09,0
5.35,135.02,1
5.56,198.17,0
5.05,153.83,1
5.97,179.02,0
5.79,152.0,1
5.43,185.2,0
4.96,140.98,1
5.82,192.83,0
5.38,106.56,1
6.12,182.89,0
4.73,151.38,1
5.98,174.33,0
5.09,140.31,1
5.86,181.4,0
4.98,138.96,1
5.65,181.54,0
4.8,136.21,1
5.97,165.8,0
5.65,166.99,1
5.56,159.88,0
5.21,151.9,1
5.65,183.5,0
5.53,150.02,1
5.96,184.2,0
5.06,147.14,1
6.14,185.96,0
5.02,147.79,1
5.81,184.25,0
4.7,104.17,1
5.86,164.72,0
5.76,131.93,1
5.11,190.96,0
4.91,108.97,1
5.84,204.8,0
5.07,141.58,1
6.47,169.64,0
5.25,156.69,1
5.73,167.81,0
5.28,135.2,1
5.98,183.21,0
5.14,123.15,1
5.63,167.88,0
5.39,107.36,1
5.81,185.64,0
4.76,157.52,1
5.93,204.93,0
4.88,148.47,1
6.18,143.76,0
4.69,142.82,1
5.9,148.81,0
5.17,152.59,1
5.94,204.47,0
5.81,141.19,1
5.82,179.29,0
5.44,124.47,1
5.74,175.44,0
5.64,147.09,1
6.19,153.95,0
5.18,126.01,1
5.2,170.67,0
5.08,125.94,1
6.11,156.08,0
4.99,153.67,1
6.31,158.36,0
5.13,147.47,1
5.72,194.29,0
5.31,153.92,1
5.93,137.96,0
5.53,167.44,1
5.72,184.19,0
5.42,164.61,1
5.5,185.16,0
5.32,138.22,1
5.47,178.62,0
5.25,153.76,1
5.89,172.0,0
5.0,110.86,1
5.85,192.3,0
5.56,149.94,1
6.51,200.16,0
5.17,142.67,1
5.94,159.84,0
4.98,132.96,1
5.73,170.49,0
5.05,134.91,1
5.61,197.41,0
4.89,141.19,1
5.68,181.67,0
4.98,169.46,1
5.72,190.82,0
5.09,161.69,1
5.99,177.26,0
5.14,104.64,1
5.77,178.23,0
5.29,163.01,1
6.17,182.56,0
5.1,117.64,1
5.69,191.22,0
5.25,148.56,1
5.51,149.15,0
4.65,113.33,1
5.75,185.74,0
5.15,139.27,1
6.02,201.34,0
5.41,150.96,1
5.34,184.66,0
4.6,135.56,1
5.75,183.74,0
5.08,141.17,1
5.82,196.11,0
5.16,149.45,1
5.47,224.33,0
5.08,155.4,1
5.38,171.41,0
5.65,122.17,1
6.24,156.2,0
5.56,124.62,1
6.33,198.11,0
5.16,129.25,1
5.56,189.65,0
5.22,169.94,1
5.71,154.16,0
5.26,136.85,1
6.09,194.84,0
5.23,114.61,1
5.98,201.03,0
5.13,116.04,1
6.01,197.67,0
4.91,139.88,1
5.95,170.43,0
5.54,146.09,1
6.05,174.39,0
4.79,144.25,1
5.36,156.68,0
5.55,155.43,1
5.94,169.26,0
5.66,157.66,1
5.69,213.61,0
4.9,134.47,1
6.31,202.88,0
4.73,118.82,1
5.59,188.52,0
4.94,137.12,1
5.85,175.36,0
4.34,137.25,1
5.08,157.59,0
5.2,129.91,1
5.74,218.41,0
5.41,106.52,1
5.62,216.69,0
4.85,170.58,1
5.84,181.59,0
5.06,144.27,1
6.01,185.61,0
5.33,128.42,1
6.16,165.8,0
4.65,136.67,1
5.56,189.56,0
6.01,150.86,1
5.6,143.01,0
5.26,136.69,1
5.77,165.08,0
5.5,143.58,1
5.52,208.93,0
4.58,144.98,1
6.35,192.68,0
4.93,145.97,1
5.88,182.75,0
5.73,149.67,1
5.8,149.53,0
5.24,138.67,1
5.89,164.61,0
4.98,147.22,1
5.64,137.27,0
5.25,116.84,1
6.21,155.25,0
5.41,120.34,1
5.91,158.79,0
5.19,103.9,1
5.84,154.23,0
4.84,154.51,1
6.03,214.65,0
5.41,160.82,1
6.11,150.3,0
4.96,146.08,1
5.91,164.47,0
5.71,114.89,1
5.36,167.96,0
5.19,116.77,1
6.11,182.5,0
5.39,168.69,1
5.72,169.16,0
5.16,136.72,1
5.86,126.38,0
5.08,139.52,1
5.45,225.64,0
5.16,144.2,1
5.93,177.12,0
5.36,151.56,1
6.04,186.67,0
4.72,133.94,1
6.09,161.62,0
5.11,132.91,1
5.28,188.91,0
5.18,130.62,1
5.52,167.43,0
5.23,158.27,1
5.71,156.01,0
5.07,151.75,1
5.61,174.8,0
5.18,155.76,1
5.81,130.56,0
4.43,148.72,1
5.56,141.02,0
5.16,128.85,1
5.79,177.34,0
5.14,159.01,1
5.68,191.3,0
5.31,147.79,1
6.04,164.03,0
5.33,160.69,1
6.08,166.05,0
5.44,125.75,1
6.09,164.32,0
5.03,140.67,1
5.63,152.51,0
5.0,115.41,1
5.38,178.75,0
4.93,110.04,1
6.34,182.19,0
5.09,137.25,1
5.6,179.39,0
4.7,130.93,1
5.85,182.42,0
5.32,128.67,1
5.63,170.82,0
5.11,154.23,1
6.04,136.17,0
5.28,132.52,1
5.85,174.5,0
5.06,141.94,1
5.45,182.76,0
5.25,151.32,1
6.09,106.7,0
5.09,141.07,1
5.54,207.95,0
5.7,135.46,1
5.95,195.18,0
4.99,121.61,1
5.64,187.12,0
5.1,165.69,1
5.67,190.97,0
5.47,132.6,1
5.09,143.52,0
4.87,173.94,1
6.22,167.06,0
5.0,141.06,1
6.62,167.59,0
4.79,126.21,1
5.27,135.3,0
4.95,123.58,1
6.17,175.03,0
4.96,151.97,1
6.15,157.12,0
5.32,137.82,1
5.9,195.65,0
5.83,109.61,1
6.38,161.88,0
5.36,132.41,1
5.46,212.61,0
5.59,156.69,1
6.0,163.56,0
5.48,146.27,1
5.57,165.2,0
5.42,133.45,1
4.98,148.26,0
5.19,164.38,1
6.27,192.73,0
5.05,143.12,1
6.03,170.28,0
4.56,171.86,1
5.51,200.78,0
4.32,137.01,1
5.76,169.69,0
5.18,132.2,1
5.62,131.87,0
5.07,133.58,1
6.2,167.84,0
4.66,116.5,1
6.18,195.53,0
5.17,149.47,1
6.15,209.03,0
5.25,146.31,1
5.94,183.17,0
5.03,143.49,1
6.26,163.83,0
4.89,120.47,1
5.63,172.69,0
5.29,155.52,1
5.94,194.09,0
4.84,149.84,1
5.99,164.47,0
5.42,139.74,1
5.46,157.11,0
5.43,103.48,1
6.14,176.92,0
5.5,127.6,1
5.23,181.84,0
5.36,173.02,1
5.45,195.91,0
5.34,141.02,1
5.76,157.73,0
4.91,113.25,1
5.96,169.34,0
5.08,149.76,1
6.11,201.97,0
5.14,153.84,1
5.45,177.54,0
4.7,128.2,1
5.93,204.24,0
5.14,158.53,1
5.54,179.34,0
4.69,162.54,1
5.53,180.57,0
4.93,155.03,1
6.07,141.2,0
5.2,121.59,1
5.79,153.83,0
5.09,164.92,1
5.74,185.83,0
5.47,146.66,1
5.19,175.95,0
5.37,125.75,1
6.48,156.93,0
5.3,130.04,1
5.76,185.13,0
5.16,143.13,1
5.71,174.51,0
5.15,158.47,1
5.78,183.9,0
5.1,126.21,1
5.87,219.28,0
5.07,136.39,1
5.61,162.63,0
5.31,139.09,1
5.8,179.69,0
4.73,121.84,1
5.69,169.0,0
4.64,117.65,1
5.66,206.08,0
5.3,145.15,1
5.35,156.52,0
5.35,120.47,1
5.92,192.02,0
4.59,154.21,1
6.0,184.17,0
4.99,167.27,1
5.58,166.17,0
5.1,140.82,1
6.19,143.96,0
5.4,143.26,1
5.62,146.65,0
4.62,126.9,1
5.92,182.77,0
5.49,146.8,1
5.31,179.73,0
5.12,122.28,1
6.31,169.81,0
4.92,133.19,1
5.99,132.0,0
4.53,133.83,1
6.23,185.29,0
5.3,102.29,1
6.03,173.6,0
5.56,162.25,1
5.23,184.49,0
5.09,127.38,1
5.47,176.71,0
4.85,147.34,1
5.69,166.49,0
5.16,156.51,1
5.44,198.52,0
5.64,129.73,1
6.07,147.89,0
5.37,124.65,1
5.34,167.14,0
5.34,147.54,1
6.27,183.07,0
4.68,165.32,1
5.54,152.24,0
5.51,133.19,1
5.76,158.04,0
5.32,125.58,1
5.69,205.35,0
5.13,160.2,1
5.81,166.17,0
5.84,141.84,1
6.06,159.84,0
5.19,129.95,1
5.87,180.35,0
5.02,175.58,1
6.0,155.68,0
5.31,159.96,1
5.77,208.44,0
5.33,169.14,1
5.77,138.99,0
5.6,134.2,1
5.43,160.78,0
5.36,142.08,1
5.72,179.43,0
5.39,160.96,1
5.96,161.37,0
5.27,150.65,1
5.51,202.04,0
5.49,141.09,1
5.96,167.82,0
4.75,120.78,1
5.76,136.28,0
4.8,153.82,1
6.16,204.74,0
5.55,148.38,1
5.53,181.49,0
5.17,147.27,1
5.98,179.14,0
5.26,156.1,1
5.59,191.87,0
5.35,147.98,1
6.19,145.61,0
5.42,117.79,1
5.58,178.59,0
4.68,154.93,1
5.99,181.35,0
5.86,146.12,1
5.11,160.07,0
5.42,145.93,1
6.12,183.86,0
5.28,138.89,1
5.7,186.06,0
4.93,147.97,1
6.4,174.32,0
5.6,142.8,1
6.35,180.23,0
5.21,112.89,1
6.08,208.88,0
5.01,132.25,1
5.86,171.05,0
5.46,151.7,1
5.76,198.26,0
4.78,137.89,1
6.01,212.34,0
5.45,144.2,1
6.37,155.17,0
5.31,149.86,1
5.38,155.34,0
5.09,142.18,1
5.85,144.15,0
5.22,144.56,1
6.28,203.98,0
5.3,141.32,1
6.09,148.84,0
4.47,148.03,1
5.83,179.47,0
4.71,147.97,1
5.29,202.22,0
5.48,165.39,1
6.09,164.35,0
5.1,148.78,1
5.33,177.15,0
5.18,135.88,1
5.72,190.99,0
5.31,130.9,1
6.14,158.84,0
4.85,153.71,1
5.93,149.74,0
4.52,124.45,1
5.32,182.19,0
5.23,141.49,1
5.38,181.61,0
4.78,138.4,1
5.85,178.02,0
4.96,120.65,1
5.64,154.98,0
5.22,142.37,1
5.37,172.17,0
5.06,166.2,1
5.93,204.64,0
4.73,128.79,1
5.37,180.42,0
4.71,131.51,1
5.5,168.34,0
4.91,123.63,1
6.27,193.84,0
5.49,141.1,1
5.67,168.79,0
5.16,152.52,1
5.81,215.24,0
4.8,126.76,1
5.61,160.86,0
4.79,102.14,1
5.69,139.41,0
5.32,133.33,1
5.31,188.49,0
5.5,118.92,1
6.03,177.27,0
5.62,112.55,1
5.94,147.61,0
4.93,120.14,1
5.53,178.36,0
5.25,144.64,1
5.91,185.95,0
5.51,150.57,1
5.35,160.94,0
5.75,122.28,1
6.05,165.23,0
5.67,120.75,1
5.82,161.03,0
5.15,138.11,1
5.97,172.12,0
4.71,146.07,1
5.42,184.76,0
5.23,135.31,1
5.33,173.48,0
5.13,122.83,1
5.79,183.19,0
4.93,154.61,1
5.57,161.44,0
5.36,124.04,1
5.37,187.58,0
5.56,124.95,1
6.04,154.11,0
4.84,138.47,1
5.96,173.67,0
4.97,135.74,1
5.74,183.71,0
5.37,123.84,1
5.56,217.78,0
5.15,135.57,1
6.01,133.89,0
4.73,134.13,1
5.76,174.9,0
5.49,145.9,1
5.71,180.22,0
5.26,135.79,1
5.55,172.36,0
5.15,121.22,1
5.31,170.11,0
5.7,139.2,1
5.86,175.71,0
5.0,138.3,1
6.04,160.5,0
5.05,142.2,1
5.14,175.39,0
5.38,119.96,1
5.37,158.39,0
5.29,148.74,1
5.93,187.43,0
4.89,153.44,1
5.69,185.64,0
4.92,128.55,1
5.83,184.46,0
5.48,130.11,1
5.62,179.86,0
5.45,154.82,1
5.94,183.57,0
5.21,136.32,1
5.99,170.82,0
5.41,134.85,1
5.47,136.74,0
5.37,141.34,1
6.05,135.61,0
5.19,119.41,1
6.48,196.76,0
5.2,146.52,1
5.92,223.84,0
5.4,129.73,1
5.68,169.09,0
5.36,122.84,1
5.78,179.96,0
5.61,144.51,1
6.12,157.3,0
5.06,115.17,1
5.81,203.46,0
5.22,136.01,1
5.36,158.57,0
4.89,136.61,1
5.52,183.53,0
4.99,137.83,1
5.54,216.38,0
5.62,113.56,1
5.64,164.6,0
4.98,137.03,1
6.34,194.18,0
5.26,137.2,1
6.13,161.1,0
5.27,153.82,1
5.72,177.65,0
4.94,117.59,1
5.24,184.14,0
5.21,112.79,1
5.14,190.62,0
5.15,151.73,1
6.07,187.61,0
4.73,151.49,1
5.59,205.4,0
5.28,146.42,1
5.22,188.7,0
4.85,129.9,1
5.94,188.02,0
5.3,128.8,1
5.9,222.62,0
5.54,147.22,1
5.85,182.14,0
4.57,141.21,1
5.6,176.87,0
5.37,159.39,1
5.8,173.04,0
5.74,136.82,1
5.95,213.13,0
5.45,141.03,1
5.7,200.75,0
5.26,117.16,1
5.76,159.5,0
5.25,132.35,1
5.81,141.55,0
5.04,140.52,1
6.01,168.94,0
5.29,141.32,1
5.66,175.69,0
5.04,130.35,1
6.05,149.56,0
5.56,138.94,1
5.91,168.23,0
4.87,154.3,1
6.03,200.02,0
4.97,102.17,1
5.71,190.44,0
5.75,124.44,1
5.94,175.16,0
5.38,122.59,1
6.03,189.43,0
5.18,124.98,1
6.04,152.97,0
5.09,132.0,1
5.48,148.8,0
4.97,144.64,1
5.3,194.19,0
4.93,120.5,1
5.95,183.12,0
5.43,153.18,1
5.75,208.32,0
5.25,153.97,1
5.47,189.95,0
4.61,135.13,1
5.83,176.65,0
5.03,165.87,1
6.23,175.78,0
5.37,145.91,1
6.08,185.56,0
5.47,156.25,1
5.85,180.38,0
5.4,115.95,1
5.87,179.81,0
5.09,133.15,1
5.3,179.45,0
5.3,144.28,1
5.18,188.25,0
5.25,132.0,1
6.11,158.17,0
5.05,151.78,1
5.44,186.3,0
4.88,131.18,1
5.79,181.43,0
5.05,124.62,1
5.4,171.66,0
5.37,131.05,1
5.62,192.54,0
5.06,140.56,1
5.68,156.47,0
5.38,115.39,1
6.14,196.87,0
4.5,150.51,1
5.6,203.43,0
5.47,147.67,1
6.23,159.0,0
4.96,160.73,1
5.67,202.39,0
5.34,149.48,1
5.6,157.78,0
5.61,128.37,1
5.93,160.87,0
4.83,137.28,1
5.83,188.03,0
5.25,149.84,1
5.62,163.79,0
5.2,168.06,1
5.64,172.46,0
5.04,125.04,1
6.37,175.55,0
5.1,115.32,1
6.11,187.94,0
4.97,126.81,1
5.22,153.35,0
5.21,163.03,1
6.2,190.36,0
4.5,139.13,1
5.83,167.07,0
5.11,118.97,1
5.39,159.49,0
5.15,148.01,1
5.73,146.22,0
4.74,106.93,1
5.51,189.48,0
5.77,132.93,1
5.89,218.06,0
4.75,130.51,1
6.11,217.7,0
5.37,153.94,1
6.12,200.52,0
5.3,133.57,1
6.32,163.26,0
5.52,141.9,1
5.55,195.42,0
5.16,139.08,1
5.82,124.65,0
5.18,114.02,1
5.52,181.63,0
5.37,156.97,1
5.5,127.64,0
5.66,141.28,1
5.71,182.5,0
5.48,132.31,1
5.88,166.13,0
4.8,145.06,1
5.66,160.33,0
5.77,120.01,1
5.5,182.47,0
4.83,109.62,1
5.72,178.54,0
5.21,164.52,1
5.62,185.87,0
5.12,121.63,1
5.31,168.86,0
5.37,117.29,1
5.96,189.82,0
4.92,156.89,1
5.61,156.29,0
5.44,104.54,1
6.16,182.44,0
5.39,139.24,1
6.07,213.6,0
5.45,134.12,1
6.22,200.14,0
5.69,146.94,1
5.37,149.67,0
5.23,137.49,1
5.77,169.55,0
4.52,113.11,1
5.72,158.69,0
5.31,141.47,1
5.61,180.35,0
5.2,121.8,1
5.73,176.95,0
5.54,152.83,1
5.82,170.65,0
4.75,151.06,1
6.03,172.37,0
5.24,175.73,1
6.29,211.49,0
5.06,149.44,1
5.69,145.27,0
5.31,123.08,1
5.59,180.47,0
5.63,162.54,1
5.9,219.96,0
5.13,175.78,1
5.67,179.69,0
5.3,109.62,1
5.65,186.19,0
5.02,167.82,1
5.75,192.29,0
4.8,179.76,1
5.51,173.55,0
5.03,149.67,1
5.93,185.15,0
5.24,125.05,1
6.09,184.37,0
5.53,163.27,1
5.82,176.39,0
5.07,127.4,1
5.81,158.64,0
5.35,145.43,1
5.75,190.02,0
5.08,171.06,1
6.45,142.4,0
4.77,141.96,1
5.3,228.57,0
5.23,141.55,1
6.16,167.23,0
5.65,150.58,1
5.48,192.61,0
5.39,126.98,1
5.74,200.73,0
5.62,121.09,1
6.09,171.21,0
5.79,143.16,1
6.49,199.86,0
5.13,141.3,1
5.53,174.68,0
5.11,124.69,1
5.52,182.54,0
5.29,109.34,1
5.35,162.65,0
5.13,174.23,1
5.6,188.48,0
5.74,130.24,1
5.95,227.74,0
4.44,175.83,1
5.29,157.82,0
5.27,135.6,1
6.04,181.58,0
5.32,150.67,1
5.84,160.05,0
5.75,142.01,1
6.31,202.67,0
5.54,152.8,1
5.57,179.01,0
4.81,110.73,1
5.33,184.36,0
4.8,119.35,1
6.24,171.35,0
5.7,137.92,1
6.06,171.55,0
5.49,104.18,1
5.63,167.36,0
5.35,128.35,1
5.57,139.75,0
5.01,153.25,1
5.92,177.41,0
5.58,130.78,1
