6.5,165.22,0
4.94,128.22,1
5.74,177.96,0
5.54,157.51,1
6.0,137.83,0
4.83,139.13,1
6.11,185.12,0
5.22,138.51,1
5.86,157.93,0
5.03,148.28,1
5.89,210.21,0
5.48,158.04,1
5.66,156.8,0
5.22,122.47,1
6.07,190.99,0
5.04,130.58,1
5.69,175.38,0
5.5,131.63,1
6.22,152.67,0
4.88,118.27,1
5.6,240.26,0
4.78,152.59,1
5.32,172.71,0
5.2,136.61,1
6.02,178.29,0
5.65,114.1,1
5.99,190.39,0
5.46,119.94,1
5.49,171.08,0
5.43,157.02,1
6.41,129.98,0
5.15,126.08,1
5.7,191.12,0
4.85,157.55,1
5.45,193.8,0
5.08,136.64,1
5.64,219.34,0
5.26,132.28,1
6.1,165.47,0
4.7,136.29,1
5.63,159.33,0
4.97,129.91,1
5.85,157.28,0
5.38,129.78,1
5.48,135.79,0
5.63,134.17,1
5.83,169.73,0
5.13,140.25,1
6.03,152.33,0
5.61,126.69,1
5.3,152.91,0
5.11,169.05,1
6.08,173.82,0
5.53,150.79,1
5.59,164.9,0
5.52,151.7,1
5.86,165.3,0
4.85,121.76,1
6.03,193.69,0
5.11,149.16,1
5.46,147.73,0
5.33,134.15,1
5.61,178.89,0
5.04,121.68,1
5.84,176.4,0
5.3,136.01,1
5.93,183.58,0
5.38,155.83,1
5.07,165.07,0
5.44,148.98,1
6.1,191.43,0
5.42,156.14,1
5.41,243.9,0
5.15,146.21,1
5.88,201.32,0
5.2,131.95,1
6.38,181.53,0
4.78,122.28,1
5.04,202.28,0
5.0,155.84,1
5.5,193.68,0
4.89,153.29,1
5.33,167.33,0
5.48,159.2,1
5.83,189.74,0
5.01,131.1,1
6.39,131.83,0
5.0,146.32,1
5.6,134.55,0
5.07,151.39,1
5.65,183.78,0
5.52,113.68,1
5.86,201.83,0
5.1,144.63,1
5.88,162.29,0
5.08,128.84,1
6.0,117.18,0
4.88,138.67,1
5.59,198.8,0
4.84,130.15,1
5.58,185.36,0
5.26,130.42,1
5.85,186.17,0
5.5,118.95,1
5.67,178.59,0
4.66,144.22,1
5.63,177.94,0
5.21,136.72,1
6.05,202.5,0
5.23,172.54,1
6.02,174.77,0
5.66,155.12,1
5.69,192.49,0
4.92,112.86,1
5.96,184.93,0
5.6,143.4,1
5.41,196.02,0
5.37,142.84,1
5.94,137.9,0
4.99,135.43,1
5.38,148.89,0
5.39,120.17,1
6.1,167.63,0
4.97,138.11,1
5.56,165.69,0
5.48,138.68,1
5.48,183.09,0
5.1,129.55,1
5.99,161.32,0
4.94,180.7,1
5.54,156.34,0
4.88,123.0,1
5.64,164.15,0
5.37,161.47,1
6.0,199.63,0
5.18,140.44,1
5.77,175.31,0
5.18,132.51,1
5.71,180.39,0
5.31,124.32,1
5.61,170.98,0
5.6,139.75,1
6.11,182.88,0
4.89,132.63,1
5.93,192.5,0
5.39,144.86,1
5.55,168.09,0
5.38,134.2,1
6.02,206.02,0
5.57,138.78,1
5.39,191.37,0
5.1,155.33,1
5.22,152.79,0
5.28,131.89,1
5.98,198.96,0
5.09,119.15,1
5.87,171.92,0
5.65,156.7,1
5.46,146.44,0
5.36,141.81,1
6.27,168.81,0
5.09,157.42,1
5.52,149.79,0
5.14,131.26,1
5.85,205.91,0
5.2,149.94,1
6.08,174.81,0
5.54,144.54,1
5.83,185.37,0
5.33,124.76,1
5.91,175.2,0
4.89,140.25,1
5.91,226.17,0
5.66,140.95,1
5.51,208.14,0
5.39,107.14,1
5.99,157.91,0
5.77,151.79,1
6.12,182.9,0
4.88,135.59,1
6.11,178.48,0
4.94,133.52,1
5.46,194.5,0
4.99,130.21,1
5.98,153.09,0
5.39,151.25,1
5.69,173.08,0
4.87,123.58,1
5.88,158.53,0
5.02,146.21,1
5.7,156.76,0
5.25,141.35,1
6.27,180.05,0
5.2,141.27,1
5.87,172.56,0
5.19,123.14,1
6.14,196.79,0
4.93,184.15,1
5.19,165.52,0
5.02,134.7,1
5.29,137.74,0
5.04,155.51,1
5.97,172.22,0
5.29,126.12,1
5.91,135.95,0
4.85,122.95,1
5.94,159.46,0
5.07,129.09,1
5.83,165.05,0
5.39,112.18,1
5.27,155.56,0
5.43,143.15,1
6.2,155.3,0
5.07,141.51,1
5.6,186.75,0
4.82,123.59,1
5.71,192.67,0
5.58,160.29,1
5.44,137.78,0
5.46,157.91,1
5.45,169.76,0
5.56,162.41,1
5.81,193.0,0
5.67,156.3,1
6.26,200.8,0
5.72,177.74,1
5.81,134.37,0
5.32,157.64,1
5.59,202.98,0
5.6,135.17,1
5.65,148.64,0
4.94,124.75,1
6.12,167.49,0
5.17,126.15,1
5.69,214.69,0
4.76,149.84,1
5.53,172.7,0
4.74,152.84,1
6.22,179.68,0
5.23,147.74,1
5.61,187.52,0
4.96,140.08,1
5.79,160.97,0
5.71,113.85,1
5.73,157.61,0
4.82,142.3,1
6.0,180.0,0
5.63,136.25,1
6.01,163.84,0
4.97,125.64,1
5.66,178.42,0
5.83,130.09,1
6.17,171.95,0
5.74,147.14,1
5.98,154.14,0
4.84,97.64,1
6.2,170.76,0
5.12,125.56,1
5.72,153.12,0
4.73,154.13,1
5.89,182.09,0
5.19,123.8,1
5.6,193.39,0
5.14,133.81,1
5.67,179.18,0
5.79,163.91,1
6.08,176.68,0
5.07,131.74,1
5.65,173.57,0
5.31,142.5,1
5.52,168.07,0
5.01,147.97,1
6.32,162.34,0
4.84,136.73,1
5.46,154.49,0
4.94,152.44,1
5.72,173.96,0
5.07,151.32,1
5.89,203.69,0
4.66,127.72,1
5.29,195.21,0
4.93,159.3,1
5.74,176.77,0
5.47,154.7,1
5.46,174.7,0
5.82,140.97,1
5.43,199.86,0
4.93,171.6,1
5.53,207.63,0
5.92,106.34,1
5.5,195.97,0
5.1,164.27,1
6.17,167.08,0
5.66,138.54,1
5.84,176.29,0
5.3,145.5,1
5.95,153.98,0
5.17,145.64,1
5.87,154.82,0
5.5,149.77,1
5.77,183.45,0
4.89,117.19,1
5.92,180.21,0
5.07,129.89,1
5.71,182.73,0
5.6,144.51,1
6.06,167.64,0
4.55,144.15,1
6.2,203.79,0
4.79,157.18,1
5.51,190.81,0
5.36,137.66,1
5.82,160.86,0
5.59,129.6,1
5.15,154.07,0
5.52,138.74,1
5.8,197.69,0
5.01,142.11,1
5.95,155.01,0
5.03,162.2,1
5.87,188.97,0
4.51,164.03,1
6.37,196.92,0
5.02,124.92,1
5.83,222.86,0
4.9,154.48,1
5.79,215.92,0
5.15,138.69,1
5.83,180.81,0
5.33,159.38,1
5.91,158.43,0
5.03,140.43,1
5.59,159.69,0
5.56,153.03,1
6.35,190.86,0
4.97,86.54,1
5.65,209.25,0
5.24,135.13,1
6.25,162.58,0
5.67,141.59,1
5.74,166.29,0
5.03,135.58,1
5.22,166.95,0
5.68,161.06,1
5.66,173.87,0
4.94,157.88,1
6.43,162.73,0
5.09,106.43,1
5.87,195.52,0
5.32,171.94,1
5.86,173.08,0
5.42,138.59,1
6.2,157.04,0
5.14,149.25,1
5.63,206.16,0
5.02,161.68,1
5.72,164.51,0
5.56,135.71,1
5.19,183.55,0
4.9,131.5,1
6.22,169.73,0
4.91,157.02,1
5.65,191.67,0
5.44,134.0,1
5.84,133.83,0
5.28,153.83,1
5.51,197.22,0
4.99,137.75,1
5.47,198.14,0
4.54,150.7,1
5.18,165.6,0
5.08,155.4,1
5.98,151.77,0
4.96,152.03,1
5.99,157.63,0
5.42,123.97,1
5.77,133.9,0
5.32,132.7,1
6.25,156.59,0
5.17,139.49,1
5.29,163.71,0
5.4,135.11,1
5.63,203.45,0
4.86,113.46,1
5.65,170.84,0
4.92,147.83,1
5.6,170.58,0
5.12,129.54,1
5.69,180.98,0
4.96,152.06,1
5.67,175.7,0
5.25,141.38,1
6.22,181.06,0
5.5,106.88,1
5.28,167.41,0
5.33,131.28,1
6.03,204.59,0
5.13,171.86,1
5.59,158.27,0
5.34,124.69,1
5.84,151.76,0
5.04,135.42,1
5.55,185.42,0
5.55,135.92,1
5.94,179.81,0
5.17,143.92,1
6.22,174.47,0
5.09,162.72,1
5.97,167.77,0
5.72,111.94,1
5.63,166.48,0
5.22,159.41,1
6.25,142.87,0
5.54,143.97,1
6.01,190.91,0
4.64,171.57,1
6.09,173.76,0
5.03,117.36,1
5.44,144.71,0
5.44,154.09,1
5.78,187.1,0
5.1,146.75,1
5.96,169.69,0
5.84,134.83,1
5.93,173.29,0
4.98,144.15,1
6.07,151.83,0
5.73,123.65,1
5.91,149.22,0
5.44,168.72,1
5.14,152.86,0
5.0,140.14,1
5.9,187.78,0
5.37,151.65,1
5.75,192.48,0
5.3,107.78,1
6.18,192.48,0
5.03,140.49,1
5.88,192.47,0
5.23,145.32,1
5.92,177.78,0
5.13,142.85,1
5.7,177.86,0
5.19,125.41,1
4.97,159.57,0
4.94,126.2,1
5.72,165.25,0
5.37,134.2,1
6.14,187.93,0
5.35,149.9,1
5.85,169.04,0
5.02,139.97,1
5.67,181.45,0
5.71,138.11,1
5.61,152.98,0
5.32,142.95,1
5.26,193.33,0
5.8,165.42,1
5.36,189.81,0
5.72,153.05,1
5.67,214.3,0
5.37,164.32,1
6.37,198.01,0
5.47,150.47,1
5.53,172.65,0
5.46,129.1,1
5.41,206.02,0
5.6,143.19,1
5.95,199.85,0
5.53,135.66,1
5.86,197.43,0
5.5,148.03,1
6.06,185.69,0
5.19,173.33,1
5.53,152.28,0
5.37,173.19,1
5.57,182.78,0
5.26,127.03,1
5.91,181.36,0
5.06,158.77,1
5.62,213.44,0
4.68,137.66,1
5.47,170.92,0
5.38,111.05,1
5.82,186.52,0
4.76,136.2,1
5.8,144.33,0
5.02,148.94,1
5.52,121.63,0
5.12,163.94,1
5.46,170.45,0
5.94,141.45,1
5.41,174.82,0
4.79,127.5,1
5.86,161.73,0
5.11,129.1,1
6.24,192.41,0
5.43,117.86,1
5.65,186.59,0
5.18,126.57,1
6.11,166.03,0
4.7,121.52,1
5.52,155.69,0
5.35,123.35,1
5.42,162.47,0
5.73,132.68,1
6.09,165.74,0
5.17,146.54,1
5.69,163.41,0
5.78,159.75,1
5.85,163.55,0
5.34,130.82,1
5.73,157.71,0
5.4,151.01,1
5.69,199.24,0
5.44,126.78,1
5.97,141.32,0
5.25,139.28,1
6.24,176.2,0
5.27,140.08,1
5.95,165.14,0
5.07,149.86,1
6.39,191.46,0
5.47,143.9,1
6.27,168.95,0
4.72,147.39,1
5.38,209.72,0
5.42,126.27,1
5.76,172.81,0
5.09,148.13,1
5.32,181.42,0
5.65,142.63,1
5.56,166.61,0
5.08,159.58,1
5.94,218.92,0
4.73,162.47,1
6.57,173.83,0
4.6,131.92,1
6.55,153.17,0
5.21,136.53,1
6.19,190.95,0
5.42,155.11,1
5.93,142.92,0
5.46,148.49,1
6.29,153.1,0
5.62,140.33,1
5.17,166.03,0
5.29,139.22,1
5.99,152.02,0
4.98,140.9,1
6.02,200.85,0
5.14,144.56,1
5.84,194.25,0
4.94,138.14,1
5.74,188.91,0
5.08,154.28,1
5.61,200.19,0
5.44,160.9,1
5.51,148.37,0
5.15,119.91,1
6.33,156.38,0
5.28,147.82,1
5.95,144.77,0
5.0,154.23,1
5.34,165.34,0
4.89,143.54,1
5.34,173.09,0
5.35,141.21,1
7.07,188.03,0
5.35,154.35,1
5.65,158.58,0
5.14,162.45,1
6.04,167.69,0
5.47,127.25,1
5.62,188.59,0
5.1,135.21,1
5.48,151.68,0
4.84,133.8,1
6.48,196.1,0
4.94,166.35,1
5.88,206.04,0
5.46,123.69,1
5.91,160.97,0
4.64,182.56,1
5.52,174.05,0
5.39,137.56,1
5.43,141.76,0
5.12,148.03,1
6.17,149.35,0
5.01,157.99,1
6.03,188.91,0
4.6,143.34,1
5.37,171.57,0
5.28,174.42,1
5.84,163.5,0
5.45,143.38,1
6.16,166.18,0
5.13,143.67,1
6.24,217.69,0
5.17,142.19,1
5.75,163.08,0
5.34,101.92,1
5.73,148.42,0
5.01,126.93,1
5.79,189.25,0
5.53,141.76,1
5.17,155.15,0
4.99,166.36,1
5.18,199.5,0
5.17,141.57,1
5.59,162.12,0
5.0,116.9,1
5.78,201.66,0
4.92,149.86,1
5.99,205.36,0
5.47,136.9,1
5.89,178.49,0
5.42,130.53,1
5.78,158.22,0
5.22,148.59,1
5.64,218.67,0
5.05,117.92,1
6.25,184.49,0
5.49,162.15,1
5.77,173.75,0
5.24,150.22,1
6.17,187.72,0
5.46,135.51,1
5.89,164.77,0
4.8,117.62,1
5.67,179.62,0
5.32,163.09,1
6.11,165.17,0
5.05,139.96,1
5.54,181.61,0
5.21,128.42,1
6.19,199.29,0
5.06,139.06,1
5.84,157.59,0
5.67,176.01,1
5.91,177.42,0
5.04,156.58,1
5.52,155.46,0
5.37,120.26,1
6.07,174.77,0
5.23,153.05,1
5.99,188.33,0
5.35,151.04,1
5.66,164.28,0
5.67,127.19,1
6.1,163.13,0
5.23,140.34,1
6.05,175.51,0
4.88,145.96,1
6.05,186.89,0
5.16,135.62,1
5.49,155.57,0
5.04,130.52,1
5.52,176.53,0
5.56,133.26,1
6.31,157.56,0
5.48,127.57,1
6.53,179.34,0
5.15,161.25,1
5.74,148.78,0
5.36,142.37,1
5.67,185.25,0
5.76,154.37,1
5.43,173.2,0
4.84,131.88,1
5.91,162.19,0
5.77,130.53,1
5.46,200.29,0
4.9,120.22,1
5.94,162.1,0
4.96,134.38,1
5.93,176.16,0
5.09,147.21,1
6.25,194.27,0
5.27,140.37,1
5.8,204.66,0
5.19,129.36,1
6.13,188.64,0
5.19,159.78,1
5.79,175.31,0
5.32,121.53,1
5.89,166.75,0
5.11,118.83,1
5.69,177.61,0
5.01,119.77,1
6.12,174.97,0
5.42,137.21,1
6.18,178.4,0
5.31,113.05,1
5.73,172.45,0
5.87,137.12,1
5.9,177.88,0
4.96,139.05,1
5.49,183.77,0
5.64,138.37,1
6.21,140.45,0
5.37,147.23,1
5.22,180.94,0
5.39,140.54,1
5.86,163.21,0
5.2,161.09,1
6.1,184.14,0
5.48,144.69,1
5.4,176.13,0
4.79,121.74,1
5.25,157.18,0
5.06,140.25,1
6.06,186.47,0
5.07,146.92,1
5.72,156.68,0
5.07,109.31,1
5.43,214.07,0
5.27,164.63,1
5.85,165.6,0
4.79,135.88,1
6.15,151.49,0
5.03,134.56,1
5.97,184.53,0
4.77,127.93,1
5.57,148.92,0
5.01,154.96,1
5.28,153.62,0
5.74,145.11,1
5.46,158.16,0
4.77,126.5,1
5.73,157.13,0
4.87,135.62,1
5.67,158.76,0
5.4,157.91,1
5.73,192.65,0
5.56,120.2,1
5.86,179.97,0
5.26,137.68,1
5.8,180.82,0
5.82,140.38,1
6.17,185.44,0
4.58,158.27,1
5.77,156.94,0
5.0,135.53,1
5.58,164.41,0
5.75,133.31,1
6.03,219.44,0
4.74,134.04,1
5.65,187.61,0
5.58,157.19,1
6.33,193.24,0
4.67,142.18,1
5.47,167.21,0
5.32,132.89,1
5.32,181.77,0
5.11,157.27,1
5.98,169.76,0
4.84,162.04,1
5.65,180.63,0
4.97,114.82,1
5.71,182.64,0
5.06,142.89,1
5.95,129.94,0
5.25,119.13,1
6.04,192.71,0
5.23,140.12,1
6.01,177.95,0
5.08,153.86,1
6.15,185.18,0
5.09,155.14,1
5.53,153.6,0
5.21,147.43,1
5.55,185.61,0
5.72,120.81,1
6.13,155.52,0
5.26,125.36,1
5.56,158.4,0
5.2,99.13,1
5.41,151.96,0
5.38,129.09,1
5.69,157.0,0
5.33,142.84,1
5.96,160.76,0
4.94,128.99,1
6.45,178.73,0
5.14,117.23,1
5.29,183.5,0
5.04,152.02,1
6.07,180.26,0
4.78,144.53,1
5.59,186.56,0
4.83,130.65,1
6.01,133.48,0
5.09,154.42,1
5.13,158.3,0
5.38,121.44,1
6.19,172.6,0
5.01,139.69,1
6.12,183.1,0
5.23,144.39,1
5.84,198.03,0
4.32,156.17,1
6.07,172.18,0
5.0,148.08,1
5.44,149.72,0
5.13,126.19,1
6.28,167.53,0
5.38,140.76,1
5.65,201.86,0
5.39,150.34,1
5.78,208.69,0
5.48,108.96,1
5.7,200.18,0
4.95,127.42,1
6.15,200.33,0
5.71,125.44,1
5.55,197.36,0
5.37,163.45,1
5.41,173.13,0
5.14,135.73,1
5.8,192.44,0
5.43,148.91,1
6.07,184.45,0
5.02,149.06,1
5.95,201.46,0
5.34,142.81,1
6.24,147.16,0
5.36,144.8,1
6.15,213.81,0
5.88,141.4,1
5.69,177.78,0
5.27,140.82,1
5.67,135.95,0
5.37,154.16,1
5.95,194.69,0
5.48,118.02,1
6.28,175.95,0
4.8,141.17,1
5.81,176.5,0
5.55,128.49,1
5.95,150.85,0
5.13,150.44,1
5.86,138.21,0
4.48,148.4,1
5.44,170.31,0
5.29,134.32,1
5.85,214.05,0
5.66,171.34,1
5.68,152.17,0
5.12,125.67,1
5.8,192.56,0
5.16,123.49,1
5.92,188.77,0
5.16,161.48,1
5.86,173.79,0
4.79,143.48,1
6.14,162.82,0
5.24,114.74,1
6.27,178.54,0
5.06,126.8,1
5.4,200.45,0
4.83,152.19,1
5.31,170.83,0
5.46,113.65,1
5.64,170.14,0
5.42,149.3,1
6.64,168.81,0
5.15,115.03,1
6.3,178.8,0
5.14,93.88,1
5.37,188.75,0
5.08,131.65,1
5.69,175.52,0
5.54,125.37,1
5.88,153.18,0
5.47,150.31,1
5.62,145.65,0
5.55,130.39,1
6.39,195.61,0
4.83,150.74,1
5.61,164.57,0
5.33,153.34,1
5.66,190.28,0
5.08,125.23,1
5.18,172.45,0
5.04,118.22,1
5.7,181.22,0
5.15,141.25,1
5.73,179.72,0
5.29,151.57,1
5.62,181.04,0
5.37,160.36,1
6.38,168.34,0
5.8,161.89,1
6.28,227.3,0
5.38,157.9,1
5.9,137.35,0
5.54,144.4,1
6.0,162.09,0
4.89,147.78,1
6.63,164.51,0
4.97,177.62,1
5.71,159.78,0
4.72,124.62,1
5.54,173.81,0
5.15,148.59,1
6.07,207.19,0
5.18,121.48,1
5.7,141.22,0
4.93,128.01,1
6.21,177.97,0
5.12,141.54,1
6.11,183.38,0
5.01,131.5,1
5.88,203.38,0
5.09,144.22,1
5.88,168.94,0
4.93,105.83,1
6.05,183.71,0
4.96,156.9,1
5.82,170.69,0
5.35,139.71,1
5.66,169.88,0
4.77,137.01,1
5.55,184.08,0
4.88,136.65,1
5.88,159.99,0
5.4,129.55,1
5.83,190.25,0
4.84,144.31,1
5.58,152.75,0
4.96,139.16,1
6.33,172.21,0
5.18,150.89,1
5.75,226.12,0
5.04,154.42,1
5.91,136.96,0
5.64,128.94,1
6.48,172.43,0
4.83,135.82,1
6.13,176.63,0
5.2,169.48,1
6.14,201.1,0
5.61,142.46,1
5.52,194.98,0
5.56,126.42,1
6.2,150.83,0
5.27,166.99,1
5.46,174.37,0
5.01,147.99,1
6.22,168.59,0
5.53,134.56,1
5.79,139.67,0
4.95,112.96,1
5.77,199.27,0
5.32,166.9,1
5.84,180.9,0
6.09,149.36,1
5.6,202.68,0
5.44,130.64,1
5.63,162.59,0
5.43,134.47,1
5.55,165.16,0
5.21,143.57,1
5.99,180.95,0
5.26,139.47,1
6.12,142.56,0
5.78,144.85,1
4.7,178.46,0
5.75,138.66,1
5.19,174.92,0
5.35,138.63,1
5.7,173.56,0
5.75,167.47,1
5.61,160.15,0
4.55,130.45,1
6.0,179.89,0
5.4,132.74,1
6.13,188.54,0
5.36,152.29,1
6.26,168.72,0
5.29,147.41,1
5.54,186.17,0
5.36,142.16,1
5.86,187.74,0
5.09,134.34,1
6.1,190.14,0
4.87,150.19,1
5.9,193.68,0
5.25,139.11,1
5.96,121.59,0
4.78,131.1,1
5.57,181.55,0
5.23,135.49,1
6.1,178.35,0
4.91,166.66,1
5.57,140.37,0
5.44,138.42,1
5.98,187.5,0
5.1,111.56,1
5.87,193.48,0
5.1,139.35,1
6.02,180.86,0
5.4,151.64,1
5.47,162.2,0
5.69,122.97,1
6.31,155.7,0
5.42,139.03,1
5.85,175.81,0
4.76,141.19,1
5.14,166.16,0
5.58,154.03,1
6.0,123.04,0
5.62,149.36,1
5.59,167.1,0
4.71,140.02,1
6.01,182.43,0
5.22,140.86,1
5.41,171.62,0
5.0,138.05,1
5.7,185.74,0
5.04,120.12,1
5.73,166.29,0
5.15,140.31,1
6.12,188.17,0
4.99,157.38,1
5.87,172.8,0
4.59,154.95,1
6.1,153.07,0
5.13,140.73,1
6.31,181.63,0
5.4,162.01,1
5.73,178.85,0
5.43,157.85,1
6.29,183.14,0
5.59,127.94,1
5.6,202.96,0
5.47,132.95,1
6.01,176.72,0
5.57,148.86,1
5.88,160.53,0
5.33,120.08,1
5.82,174.21,0
4.8,129.73,1
5.27,187.3,0
5.02,130.04,1
5.72,185.67,0
5.15,153.73,1
5.47,194.46,0
5.08,115.12,1
5.59,201.59,0
5.08,139.34,1
5.74,173.43,0
5.17,159.52,1
6.1,196.08,0
4.85,128.53,1
5.76,187.07,0
4.9,143.72,1
5.57,182.34,0
5.48,130.57,1
5.34,217.64,0
5.26,134.93,1
5.7,154.19,0
4.66,147.01,1
5.65,172.54,0
5.13,137.02,1
5.85,182.39,0
5.11,135.07,1
5.73,160.43,0
5.56,134.46,1
5.67,187.27,0
5.16,126.35,1
6.18,168.46,0
4.7,147.57,1
5.47,179.2,0
4.92,155.39,1
5.7,198.04,0
4.67,137.3,1
5.82,191.38,0
5.75,125.49,1
5.84,164.14,0
5.37,146.61,1
5.38,190.25,0
5.26,139.42,1
5.96,177.42,0
5.22,125.01,1
6.0,191.67,0
5.24,140.65,1
5.49,195.6,0
5.03,138.62,1
6.19,210.18,0
5.27,124.3,1
5.66,177.55,0
4.99,165.34,1
6.02,143.4,0
5.36,139.3,1
6.23,183.1,0
4.94,140.73,1
5.75,208.04,0
5.28,164.21,1
6.07,150.22,0
5.57,151.51,1
6.05,214.12,0
5.03,134.43,1
6.12,159.94,0
5.34,139.39,1
5.61,176.78,0
5.08,153.08,1
6.06,176.14,0
5.16,148.65,1
5.95,200.6,0
5.0,153.31,1
4.98,195.33,0
5.18,118.59,1
5.62,203.96,0
5.3,144.05,1
5.3,168.3,0
5.09,149.24,1
5.86,188.17,0
4.83,123.64,1
5.53,161.69,0
5.48,135.5,1
5.51,158.06,0
5.63,158.44,1
6.12,195.76,0
5.2,142.85,1
6.41,187.94,0
5.2,161.23,1
5.69,177.63,0
5.27,161.81,1
5.49,168.32,0
5.46,150.34,1
5.94,187.82,0
5.04,155.49,1
5.88,130.82,0
5.22,147.31,1
5.45,132.57,0
5.53,134.57,1
5.86,195.81,0
5.0,162.06,1
5.52,175.25,0
5.16,111.97,1
5.55,169.99,0
6.03,132.09,1
6.65,181.41,0
5.47,148.73,1
6.17,160.33,0
4.87,132.97,1
5.83,188.96,0
5.73,120.06,1
5.91,190.06,0
4.3,143.94,1
5.66,165.3,0
4.77,138.64,1
5.48,174.88,0
5.09,136.13,1
5.49,194.03,0
5.3,131.09,1
5.81,170.22,0
5.22,154.4,1
5.93,201.53,0
5.33,136.2,1
6.0,162.03,0
4.95,172.16,1
5.78,205.79,0
5.77,170.2,1
5.63,174.79,0
5.22,135.73,1
5.99,206.36,0
5.06,130.27,1
5.45,136.96,0
5.07,130.46,1
5.89,177.88,0
5.18,135.21,1
5.72,190.72,0
4.81,132.74,1
6.12,173.98,0
5.42,121.07,1
5.71,147.61,0
5.26,159.96,1
6.3,165.8,0
5.2,99.53,1
5.48,188.76,0
4.89,129.06,1
5.92,184.86,0
5.61,161.25,1
5.84,195.42,0
5.87,155.83,1
5.86,223.74,0
4.89,144.23,1
5.62,166.59,0
5.23,144.9,1
5.61,159.92,0
5.75,127.39,1
5.84,150.57,0
5.24,155.91,1
5.59,205.52,0
5.27,124.75,1
5.62,161.6,0
5.66,113.28,1
5.51,191.84,0
5.07,119.35,1
6.72,154.33,0
4.72,133.31,1
5.76,159.5,0
5.59,177.66,1
5.65,177.05,0
5.27,114.73,1
5.62,169.12,0
5.04,134.19,1
5.76,178.48,0
5.21,136.88,1
6.09,167.07,0
4.99,123.87,1
5.3,173.75,0
4.87,112.82,1
5.36,133.07,0
5.23,155.45,1
5.7,149.53,0
4.83,131.66,1
5.46,158.9,0
5.43,167.22,1
5.9,176.2,0
5.48,127.21,1
5.26,179.63,0
4.89,115.4,1
6.28,190.54,0
4.9,132.22,1
6.18,165.14,0
4.97,176.73,1
5.7,220.03,0
5.44,156.38,1
5.49,127.34,0
5.6,127.85,1
5.83,180.59,0
5.02,133.1,1
5.48,197.4,0
5.44,127.76,1
5.84,184.86,0
5.03,137.25,1
5.72,189.15,0
5.14,157.6,1
5.41,198.29,0
5.14,139.21,1
6.03,148.72,0
5.28,122.85,1
5.95,162.17,0
5.49,131.53,1
5.89,144.6,0
5.03,135.2,1
5.63,186.57,0
5.28,115.53,1
6.07,175.31,0
4.77,130.39,1
5.63,230.68,0
5.09,154.26,1
5.66,166.8,0
5.37,140.82,1
5.99,185.71,0
5.1,145.39,1
6.16,189.46,0
5.38,137.62,1
5.78,175.52,0
5.35,145.37,1
6.24,170.13,0
5.13,147.12,1
5.49,240.04,0
5.64,145.36,1
5.76,188.24,0
4.8,132.33,1
5.81,140.38,0
5.2,140.2,1
5.77,187.0,0
5.03,124.72,1
5.88,191.65,0
5.22,104.78,1
5.76,163.39,0
5.21,140.25,1
5.79,194.82,0
4.83,116.16,1
6.24,201.7,0
4.42,156.14,1
5.39,195.81,0
5.37,145.13,1
5.52,154.03,0
5.25,155.61,1
5.46,164.76,0
5.4,139.4,1
6.32,195.81,0
5.0,146.45,1
5.21,142.83,0
5.2,156.37,1
6.11,161.82,0
5.0,172.21,1
6.54,169.57,0
5.26,145.35,1
4.91,170.74,0
5.22,103.1,1
5.98,145.89,0
4.66,150.35,1
6.32,156.55,0
5.19,161.57,1
5.46,175.54,0
4.84,161.44,1
6.07,235.39,0
4.92,140.63,1
6.31,180.46,0
5.27,132.15,1
5.96,159.76,0
5.28,142.95,1
5.28,170.91,0
5.06,146.5,1
5.68,183.54,0
4.93,141.1,1
5.94,181.77,0
5.52,146.07,1
5.88,175.29,0
5.41,135.94,1
6.58,166.49,0
5.19,125.01,1
5.5,185.94,0
5.72,158.39,1
5.95,184.72,0
5.23,145.89,1
5.61,189.14,0
5.63,134.45,1
6.06,147.62,0
5.11,135.88,1
5.89,210.62,0
4.91,139.65,1
5.96,208.98,0
5.03,141.86,1
5.91,175.08,0
5.49,165.88,1
6.09,186.62,0
5.18,134.6,1
5.97,171.6,0
4.92,134.29,1
5.9,133.34,0
4.96,120.67,1
5.96,180.1,0
5.1,139.12,1
5.47,176.85,0
5.38,134.1,1
6.11,197.54,0
5.2,170.48,1
5.44,189.78,0
5.07,142.0,1
5.22,152.11,0
5.3,139.69,1
5.69,181.78,0
5.08,173.96,1
5.78,186.3,0
4.94,140.65,1
5.5,173.09,0
5.05,136.97,1
5.56,195.2,0
5.72,174.76,1
5.92,210.06,0
4.97,158.07,1
5.91,188.43,0
5.16,105.48,1
5.62,227.34,0
5.07,133.26,1
5.56,156.73,0
5.44,148.78,1
5.98,200.77,0
5.3,140.96,1
5.84,172.54,0
5.14,148.69,1
5.95,164.71,0
5.12,136.04,1
5.71,135.66,0
5.28,148.97,1
5.96,184.84,0
5.31,134.34,1
5.31,184.12,0
4.55,141.7,1
5.74,208.98,0
5.39,127.48,1
5.9,125.69,0
5.33,152.2,1
5.15,143.24,0
5.3,123.05,1
5.8,179.15,0
5.55,156.31,1
6.45,188.49,0
4.98,175.5,1
5.75,141.59,0
5.29,151.69,1
5.52,192.09,0
5.18,161.18,1
5.74,217.87,0
5.59,150.03,1
5.84,170.38,0
5.78,144.8,1
5.89,167.69,0
4.76,132.18,1
5.54,181.39,0
5.38,134.16,1
6.58,172.91,0
4.94,154.85,1
5.79,188.38,0
5.14,135.05,1
6.08,166.77,0
4.97,125.85,1
5.98,197.0,0
5.05,149.48,1
5.83,196.63,0
5.15,134.72,1
5.63,164.88,0
5.19,169.6,1
6.1,174.02,0
5.37,165.62,1
6.06,193.69,0
4.76,145.97,1
5.55,166.51,0
5.05,129.32,1
5.88,167.3,0
5.33,150.46,1
5.32,154.41,0
5.03,134.68,1
5.46,168.08,0
5.56,148.72,1
6.04,189.28,0
5.41,154.95,1
6.07,164.71,0
5.08,151.65,1
6.15,192.75,0
5.19,139.5,1
5.8,198.62,0
5.33,138.67,1
6.39,164.16,0
5.14,147.23,1
5.96,196.24,0
5.59,137.36,1
5.98,198.81,0
5.38,138.68,1
6.12,145.24,0
5.34,144.08,1
5.92,161.68,0
5.1,146.55,1
5.89,192.94,0
5.22,148.37,1
6.33,173.32,0
4.95,122.12,1
5.64,201.11,0
5.35,136.62,1
5.78,131.79,0
5.15,117.1,1
6.0,151.87,0
5.71,108.82,1
5.47,192.59,0
5.34,130.71,1
5.54,140.55,0
5.24,114.76,1
5.95,195.95,0
4.83,132.94,1
5.84,134.24,0
5.33,142.39,1
6.04,169.1,0
4.81,152.21,1
5.67,169.66,0
5.32,120.29,1
5.1,169.0,0
5.43,175.32,1
6.09,181.74,0
5.4,143.86,1
6.07,163.25,0
4.93,126.62,1
5.77,161.19,0
4.95,133.24,1
6.32,178.9,0
5.16,116.63,1
5.48,130.08,0
5.84,164.86,1
5.68,185.65,0
5.32,141.89,1
5.12,198.09,0
4.55,146.07,1
5.62,156.37,0
5.07,169.12,1
6.38,150.09,0
5.2,134.91,1
5.81,180.54,0
5.1,111.32,1
6.05,187.22,0
5.29,140.82,1
5.98,182.96,0
4.94,158.06,1
5.9,162.21,0
4.98,109.35,1
6.02,194.39,0
5.69,163.19,1
5.61,176.7,0
4.88,126.13,1
6.12,196.11,0
5.46,130.88,1
5.69,174.59,0
5.14,140.23,1
5.55,181.26,0
4.66,146.92,1
5.87,204.01,0
5.06,134.72,1
6.12,202.5,0
5.08,141.56,1
5.84,186.66,0
5.46,134.92,1
5.6,206.88,0
4.78,128.0,1
6.0,169.87,0
5.27,111.95,1
5.81,190.17,0
5.32,153.07,1
6.0,212.2,0
5.73,151.06,1
5.67,204.83,0
4.87,126.7,1
5.7,196.94,0
5.03,121.7,1
5.73,162.22,0
5.22,131.58,1
6.18,183.59,0
5.15,161.32,1
5.48,157.59,0
5.48,124.86,1
5.66,162.22,0
5.38,140.66,1
5.92,206.8,0
5.15,144.96,1
5.44,216.59,0
5.56,169.15,1
5.84,154.48,0
5.5,143.57,1
6.2,195.37,0
5.22,149.44,1
5.84,155.04,0
5.6,112.97,1
5.3,144.09,0
5.16,122.77,1
5.82,177.42,0
5.12,172.59,1
5.58,153.59,0
5.22,123.63,1
5.88,191.38,0
5.54,168.49,1
5.77,193.09,0
4.7,142.95,1
5.45,193.66,0
4.88,123.84,1
6.07,154.32,0
5.34,138.98,1
5.79,160.98,0
5.39,163.39,1
5.91,163.8,0
5.38,144.46,1
5.84,142.51,0
5.78,144.94,1
6.11,166.34,0
5.48,113.1,1
5.87,199.56,0
5.04,135.98,1
5.71,174.69,0
5.57,134.18,1
5.45,201.32,0
4.59,141.1,1
5.74,163.14,0
4.83,152.01,1
5.73,179.3,0
5.32,137.65,1
6.1,204.63,0
5.03,143.28,1
5.72,143.78,0
5.61,130.96,1
5.43,179.6,0
5.07,133.37,1
5.44,149.79,0
5.32,133.9,1
6.13,173.64,0
5.53,137.35,1
5.08,222.6,0
5.36,175.13,1
5.69,171.52,0
4.95,120.39,1
5.6,192.56,0
5.66,163.08,1
5.68,210.95,0
5.5,132.32,1
6.16,151.21,0
5.25,116.42,1
5.73,204.61,0
5.23,156.76,1
6.2,166.98,0
4.86,169.31,1
6.19,208.72,0
5.18,126.0,1
5.73,203.2,0
5.49,122.86,1
5.79,190.26,0
5.04,137.23,1
5.71,169.05,0
4.77,158.11,1
5.85,221.68,0
4.84,153.92,1
6.08,167.93,0
5.37,126.45,1
5.87,154.18,0
5.19,125.34,1
5.7,188.42,0
4.9,126.25,1
5.62,145.2,0
5.11,147.58,1
6.22,191.92,0
5.59,155.11,1
5.55,174.02,0
5.49,151.02,1
5.56,139.19,0
4.97,123.14,1
5.17,184.06,0
5.04,128.81,1
5.86,143.19,0
5.26,130.3,1
5.41,179.27,0
5.6,146.13,1
5.92,171.22,0
5.19,109.99,1
5.69,170.98,0
5.51,149.0,1
5.54,179.3,0
5.12,122.54,1
5.94,117.9,0
5.09,125.83,1
6.37,176.77,0
5.51,136.26,1
6.4,196.56,0
5.49,153.3,1
5.52,171.65,0
5.2,137.63,1
5.62,168.83,0
4.85,135.06,1
5.98,141.02,0
5.45,131.97,1
5.71,139.85,0
5.72,154.33,1
6.02,193.55,0
5.16,132.27,1
5.65,140.46,0
5.48,117.96,1
5.71,201.78,0
5.45,122.79,1
5.55,178.34,0
5.49,137.39,1
5.51,210.36,0
5.18,135.21,1
5.29,224.31,0
5.29,125.41,1
5.42,163.86,0
5.28,96.47,1
5.28,144.31,0
4.99,148.26,1
5.71,147.9,0
5.22,129.43,1
5.92,155.84,0
5.3,120.94,1
5.33,173.96,0
4.97,136.6,1
5.4,193.12,0
5.53,159.49,1
5.62,156.28,0
5.39,163.15,1
5.8,187.93,0
5.41,145.11,1
5.7,177.65,0
4.89,142.61,1
5.86,162.01,0
5.07,131.48,1
6.15,199.13,0
5.42,140.94,1
5.7,179.8,0
5.32,139.71,1
6.29,190.6,0
5.3,130.01,1
5.36,182.63,0
5.04,162.22,1
5.6,139.9,0
4.95,142.9,1
5.8,174.69,0
5.92,122.71,1
5.83,177.03,0
5.0,123.59,1
5.83,186.71,0
4.89,123.24,1
6.05,199.17,0
5.27,122.3,1
5.96,221.59,0
5.16,156.21,1
6.15,192.23,0
4.86,146.43,1
5.4,171.48,0
5.46,130.54,1
5.56,160.63,0
4.91,143.79,1
5.85,218.95,0
4.74,113.6,1
6.07,193.02,0
4.72,148.44,1
6.0,149.78,0
5.04,138.97,1
5.44,192.74,0
4.92,132.29,1
5.77,191.34,0
5.35,124.09,1
5.78,186.11,0
5.25,142.61,1
5.68,156.31,0
4.79,115.96,1
5.75,185.87,0
5.05,155.16,1
5.81,175.01,0
5.22,125.93,1
6.12,203.96,0
5.44,161.71,1
6.26,222.82,0
5.22,150.66,1
5.68,181.18,0
4.92,123.62,1
5.27,168.74,0
5.34,132.18,1
6.04,194.2,0
5.59,136.45,1
5.94,169.53,0
5.56,132.95,1
6.42,179.14,0
5.17,145.68,1
5.72,196.29,0
5.66,142.79,1
5.85,170.99,0
5.16,124.62,1
5.95,176.39,0
4.95,122.33,1
6.27,205.28,0
5.41,126.54,1
5.98,180.41,0
5.52,162.09,1
5.72,178.18,0
5.6,140.08,1
6.01,202.58,0
5.1,145.84,1
6.15,163.74,0
5.17,159.29,1
6.33,197.46,0
5.19,139.53,1
6.12,176.98,0
5.54,151.08,1
6.03,161.16,0
5.17,169.51,1
5.26,164.16,0
5.51,150.23,1
5.53,174.45,0
5.05,138.09,1
5.85,186.52,0
5.0,136.14,1
5.78,180.93,0
5.35,135.72,1
6.32,158.39,0
4.92,142.92,1
5.75,174.82,0
5.39,101.51,1
5.69,158.48,0
4.99,123.16,1
6.16,176.67,0
5.72,164.7,1
6.22,182.29,0
5.36,132.84,1
5.61,156.0,0
5.21,128.06,1
5.81,156.01,0
4.98,117.34,1
5.64,198.04,0
5.52,119.45,1
5.43,170.99,0
5.03,135.48,1
5.74,135.99,0
5.23,157.64,1
5.85,183.96,0
4.46,135.9,1
5.43,160.46,0
4.45,138.92,1
6.12,171.81,0
5.13,145.39,1
5.8,148.44,0
5.2,150.5,1
5.83,218.79,0
5.27,142.19,1
6.17,186.92,0
4.86,123.51,1
5.65,215.09,0
5.38,137.45,1
5.82,174.4,0
5.42,131.35,1
5.86,179.7,0
5.32,126.85,1
5.5,201.02,0
5.36,142.86,1
5.95,189.97,0
4.35,139.99,1
5.74,171.02,0
4.92,127.81,1
5.99,209.84,0
5.19,140.03,1
5.51,184.09,0
4.98,156.27,1
5.75,178.98,0
5.56,114.45,1
5.43,197.34,0
5.04,164.98,1
6.05,149.54,0
5.5,165.09,1
5.58,178.59,0
4.89,143.17,1
5.37,159.72,0
5.44,139.52,1
5.65,169.06,0
5.09,169.72,1
6.02,170.29,0
4.98,156.6,1
5.94,169.02,0
5.26,148.69,1
5.74,188.34,0
4.99,132.89,1
5.63,178.09,0
5.18,141.85,1
5.5,174.23,0
5.33,147.48,1
5.21,169.7,0
5.44,156.4,1
6.15,215.48,0
5.62,134.48,1
5.72,168.92,0
5.14,131.34,1
5.76,172.14,0
5.1,130.64,1
5.56,148.24,0
5.31,150.73,1
5.99,161.85,0
5.3,115.3,1
5.55,140.13,0
4.99,166.8,1
5.55,175.92,0
5.16,125.84,1
6.08,185.81,0
5.33,144.03,1
5.7,146.14,0
5.14,153.75,1
5.9,178.51,0
5.82,150.61,1
6.43,143.01,0
5.07,135.11,1
5.3,174.61,0
5.17,149.32,1
5.59,181.45,0
5.51,143.92,1
6.28,194.05,0
4.81,132.52,1
6.02,187.39,0
5.61,118.57,1
5.87,183.75,0
5.37,130.87,1
6.26,202.43,0
5.3,157.58,1
5.49,164.18,0
5.22,127.12,1
5.91,178.85,0
5.05,136.62,1
5.52,168.36,0
5.24,147.39,1
6.37,158.8,0
5.32,147.05,1
5.54,183.06,0
4.95,136.81,1
5.99,149.62,0
5.12,146.23,1
5.82,184.3,0
4.99,151.37,1
6.13,190.31,0
5.05,124.65,1
5.79,190.19,0
5.28,142.01,1
5.6,179.94,0
4.76,123.33,1
5.48,168.58,0
4.85,136.34,1
5.54,182.09,0
4.83,143.13,1
5.73,178.76,0
5.67,153.42,1
6.24,172.68,0
5.33,133.73,1
6.18,181.32,0
4.92,137.63,1
5.71,183.94,0
4.71,131.22,1
5.65,160.38,0
5.12,159.55,1
5.85,211.46,0
5.65,144.5,1
6.27,201.78,0
5.46,140.22,1
5.73,221.93,0
5.61,129.49,1
5.63,189.81,0
5.32,155.41,1
5.63,148.18,0
5.05,146.61,1
6.38,218.67,0
5.21,125.46,1
5.5,182.55,0
4.87,143.78,1
6.01,198.67,0
5.35,126.34,1
5.9,144.93,0
5.02,135.13,1
5.52,168.08,0
4.89,130.48,1
5.59,205.67,0
5.01,145.34,1
5.26,192.1,0
5.37,130.71,1
5.45,189.7,0
5.02,151.62,1
5.94,186.9,0
5.52,152.49,1
5.53,154.25,0
4.97,143.33,1
5.71,187.48,0
5.38,137.45,1
6.0,135.4,0
5.0,140.2,1
5.52,180.8,0
5.38,141.23,1
5.83,176.05,0
5.41,166.51,1
6.07,197.87,0
5.06,127.93,1
5.86,177.01,0
5.37,107.12,1
6.01,180.36,0
4.82,143.63,1
5.69,176.33,0
5.45,111.89,1
5.64,169.81,0
5.12,149.03,1
5.85,148.82,0
4.85,160.41,1
5.89,177.42,0
4.99,130.55,1
6.07,207.45,0
5.15,147.75,1
5.85,172.53,0
5.12,138.68,1
5.53,136.59,0
5.6,128.23,1
5.95,181.83,0
5.5,160.71,1
6.03,151.44,0
5.74,140.85,1
5.61,157.39,0
5.24,133.66,1
5.9,201.85,0
5.41,134.64,1
5.36,185.37,0
5.1,110.58,1
5.85,167.14,0
5.12,120.96,1
5.82,172.49,0
5.46,145.35,1
5.8,177.94,0
5.06,138.79,1
5.46,182.35,0
5.19,148.65,1
5.88,136.74,0
5.57,137.7,1
5.7,177.95,0
4.82,153.17,1
5.85,162.13,0
5.37,127.71,1
5.83,173.04,0
5.5,151.01,1
5.7,158.1,0
5.57,146.22,1
6.04,195.03,0
5.56,126.65,1
5.51,186.49,0
5.55,135.58,1
5.74,183.59,0
5.09,160.31,1
6.21,197.91,0
4.97,103.68,1
5.78,151.66,0
5.18,139.99,1
6.09,130.69,0
5.22,148.2,1
5.37,189.19,0
5.23,131.5,1
5.44,137.99,0
5.38,133.01,1
5.08,207.54,0
5.02,119.85,1
6.29,146.84,0
5.38,141.33,1
6.13,185.17,0
4.54,123.59,1
5.88,193.82,0
5.47,134.31,1
5.3,200.99,0
5.08,124.41,1
5.39,156.45,0
5.52,134.33,1
5.7,171.05,0
5.25,128.55,1
5.78,186.66,0
4.58,161.6,1
5.64,153.89,0
5.26,132.26,1
5.31,145.02,0
5.03,133.39,1
5.26,209.05,0
5.0,135.49,1
5.95,156.51,0
4.6,139.95,1
5.96,190.58,0
5.31,154.15,1
5.93,165.08,0
4.86,126.09,1
5.88,156.32,0
5.26,147.92,1
5.81,175.66,0
4.75,132.07,1
5.96,180.4,0
5.54,131.16,1
5.59,186.63,0
5.61,112.78,1
5.87,163.89,0
5.81,123.75,1
6.12,169.75,0
4.67,174.47,1
5.86,194.09,0
5.48,140.32,1
5.82,160.25,0
5.73,150.71,1
6.17,192.12,0
4.59,137.79,1
5.8,194.44,0
4.4,150.54,1
5.57,164.4,0
5.03,152.66,1
5.94,158.6,0
5.04,122.29,1
5.22,169.97,0
5.86,135.65,1
5.54,180.26,0
5.25,144.59,1
5.35,138.89,0
5.26,121.68,1
5.73,181.7,0
4.85,144.05,1
5.77,195.65,0
5.62,147.77,1
5.9,175.62,0
4.76,154.54,1
6.25,186.21,0
5.87,147.04,1
5.91,183.06,0
5.16,147.66,1
6.65,172.49,0
5.56,137.29,1
6.31,191.43,0
5.03,149.45,1
5.54,173.82,0
5.87,141.56,1
5.94,162.78,0
5.46,122.07,1
5.4,151.98,0
5.76,138.0,1
6.23,149.58,0
5.37,138.09,1
6.2,202.04,0
5.32,137.02,1
6.15,154.04,0
5.4,151.54,1
5.95,165.23,0
4.94,128.11,1
5.69,168.53,0
5.37,123.04,1
5.66,166.12,0
5.71,137.4,1
5.12,167.4,0
5.89,109.49,1
5.89,193.52,0
5.11,150.7,1
5.28,149.67,0
5.34,129.68,1
6.07,174.66,0
5.13,108.38,1
5.63,139.02,0
5.29,159.6,1
5.5,185.37,0
4.94,138.03,1
5.89,186.77,0
5.57,130.8,1
5.68,187.34,0
5.36,123.95,1
6.07,187.68,0
5.01,153.61,1
5.37,195.29,0
5.36,172.27,1
6.49,199.05,0
4.63,148.5,1
5.72,188.5,0
5.47,126.77,1
6.25,167.53,0
5.42,131.1,1
5.73,169.69,0
5.72,156.13,1
6.3,179.23,0
5.59,125.88,1
5.5,194.52,0
5.52,143.39,1
5.85,174.73,0
5.46,132.93,1
6.34,182.53,0
4.89,154.0,1
6.12,177.86,0
5.2,122.29,1
5.88,131.62,0
5.33,158.07,1
6.07,154.66,0
5.12,164.31,1
5.6,204.91,0
5.16,142.63,1
5.79,163.14,0
4.89,146.96,1
6.15,158.42,0
5.15,152.22,1
5.55,171.77,0
4.97,145.41,1
6.56,168.08,0
5.08,141.97,1
5.96,142.71,0
5.24,134.15,1
5.7,140.02,0
4.83,122.23,1
5.11,165.04,0
4.7,130.56,1
5.71,217.14,0
4.96,131.83,1
5.85,186.32,0
5.6,114.36,1
5.4,198.04,0
5.06,176.72,1
5.88,152.08,0
5.68,133.16,1
5.83,184.17,0
4.91,174.64,1
5.66,144.6,0
5.46,144.2,1
5.87,166.11,0
5.14,126.25,1
6.33,218.58,0
5.61,133.58,1
5.35,185.54,0
4.85,155.33,1
5.87,164.44,0
5.16,135.97,1
6.06,172.12,0
4.98,146.42,1
5.89,186.89,0
4.82,119.36,1
5.98,157.5,0
5.02,116.36,1
5.98,146.77,0
5.33,145.88,1
5.71,183.11,0
5.1,149.03,1
5.94,202.87,0
5.31,137.87,1
5.81,209.59,0
5.56,142.81,1
5.54,199.52,0
5.36,142.96,1
5.89,153.3,0
5.09,145.42,1
5.39,194.82,0
5.24,150.11,1
5.88,196.79,0
5.09,149.38,1
6.24,175.91,0
5.27,157.74,1
6.05,172.34,0
5.03,140.88,1
5.52,134.55,0
4.59,143.37,1
5.53,169.13,0
5.14,158.64,1
5.43,169.13,0
4.89,159.95,1
5.21,209.73,0
5.3,159.16,1
5.9,154.28,0
5.37,116.04,1
6.23,177.65,0
5.13,143.25,1
6.21,218.98,0
5.2,121.86,1
6.01,159.2,0
4.99,163.87,1
6.21,169.31,0
5.66,137.26,1
5.12,179.78,0
5.35,115.48,1
5.58,129.93,0
4.97,147.38,1
6.03,178.1,0
4.95,125.93,1
5.84,193.72,0
5.33,127.87,1
5.25,186.23,0
4.98,131.03,1
5.67,151.55,0
5.42,143.89,1
5.46,187.74,0
5.39,114.3,1
5.48,186.03,0
4.77,154.02,1
5.05,178.21,0
5.26,129.81,1
5.53,194.24,0
5.57,116.52,1
5.79,193.98,0
4.96,139.56,1
5.78,148.28,0
4.84,133.53,1
5.5,143.39,0
5.24,138.31,1
5.71,198.63,0
5.61,164.41,1
6.03,203.09,0
5.29,124.7,1
6.39,178.59,0
5.03,120.65,1
5.34,184.88,0
5.12,117.48,1
6.6,186.95,0
4.97,126.7,1
6.14,183.26,0
5.4,103.22,1
5.7,188.34,0
5.14,150.99,1
5.93,167.42,0
5.03,145.02,1
6.15,160.66,0
5.46,152.18,1
5.41,186.06,0
5.72,149.02,1
5.9,170.64,0
5.28,168.09,1
5.78,189.49,0
5.7,159.89,1
6.14,174.01,0
5.2,140.0,1
5.92,142.77,0
5.08,148.43,1
5.71,178.9,0
5.27,151.12,1
5.86,149.04,0
5.36,168.48,1
5.4,158.2,0
5.18,124.12,1
5.74,155.02,0
5.15,143.16,1
5.86,197.1,0
5.22,142.34,1
6.31,146.96,0
5.9,127.53,1
5.27,193.29,0
4.78,156.1,1
5.66,165.63,0
5.48,146.91,1
5.24,167.47,0
4.99,130.28,1
5.84,171.8,0
5.16,161.21,1
5.73,186.34,0
5.24,137.73,1
5.97,175.59,0
5.31,146.45,1
5.57,199.79,0
5.45,129.75,1
6.1,158.53,0
5.35,136.08,1
5.62,167.29,0
5.4,123.36,1
6.25,171.07,0
5.45,141.12,1
5.51,214.45,0
4.66,159.27,1
5.74,189.38,0
5.42,107.88,1
5.85,177.34,0
5.17,152.39,1
5.81,190.09,0
5.35,143.33,1
5.68,163.23,0
4.85,137.91,1
4.82,159.76,0
5.33,154.32,1
5.4,192.56,0
5.48,102.1,1
5.6,179.82,0
5.24,132.16,1
6.0,180.35,0
4.97,152.61,1
6.03,170.18,0
4.83,110.19,1
5.67,178.91,0
5.28,127.61,1
5.81,165.97,0
5.04,152.77,1
5.8,160.67,0
5.1,166.22,1
5.4,158.29,0
5.49,120.48,1
5.67,193.39,0
5.18,166.56,1
6.13,176.98,0
5.23,117.14,1
5.48,187.6,0
5.15,144.68,1
6.08,198.18,0
5.34,160.85,1
5.94,213.11,0
5.33,162.73,1
5.5,204.49,0
4.93,147.25,1
5.7,139.93,0
5.23,140.67,1
5.58,172.25,0
5.44,149.34,1
5.74,153.69,0
5.26,142.65,1
6.04,140.48,0
5.4,117.14,1
5.93,187.42,0
4.97,124.71,1
6.09,211.34,0
4.8,138.39,1
5.32,199.5,0
4.37,160.48,1
6.5,169.37,0
5.16,150.26,1
5.51,195.31,0
4.91,138.8,1
5.38,181.75,0
5.35,179.36,1
6.11,167.09,0
4.44,154.44,1
5.85,179.47,0
5.67,138.24,1
5.81,180.41,0
5.17,147.87,1
5.98,145.48,0
4.99,147.69,1
5.96,174.02,0
4.84,152.34,1
6.33,148.31,0
5.58,121.06,1
6.14,174.68,0
5.22,149.55,1
6.15,193.0,0
4.99,143.34,1
5.65,158.25,0
5.29,103.56,1
5.84,185.97,0
5.23,151.09,1
5.93,165.48,0
4.9,153.42,1
5.72,175.22,0
4.87,137.38,1
5.55,178.06,0
5.4,149.12,1
5.42,151.36,0
4.62,110.17,1
5.37,213.16,0
5.38,137.82,1
6.35,169.57,0
5.17,120.39,1
5.51,169.88,0
5.47,133.08,1
5.74,173.75,0
5.39,152.02,1
5.1,151.31,0
5.07,135.15,1
5.66,170.27,0
5.29,103.55,1
5.88,172.37,0
4.69,125.2,1
5.54,178.79,0
5.27,129.72,1
5.8,203.3,0
4.97,151.28,1
5.63,145.62,0
5.42,142.67,1
5.89,158.25,0
5.14,142.87,1
5.65,189.4,0
5.09,119.39,1
5.69,158.13,0
5.31,101.24,1
5.61,165.07,0
5.47,141.07,1
5.79,162.96,0
4.48,135.31,1
5.81,188.38,0
5.25,143.62,1
6.29,179.73,0
4.99,131.17,1
5.4,175.31,0
5.22,167.96,1
6.11,166.88,0
5.62,161.54,1
5.95,182.2,0
5.02,150.15,1
5.53,173.29,0
5.25,130.35,1
6.15,200.17,0
5.53,118.2,1
5.58,179.15,0
5.19,134.34,1
5.83,180.95,0
4.86,132.42,1
5.89,146.59,0
5.3,156.54,1
5.57,167.18,0
5.12,161.7,1
6.71,174.23,0
4.42,150.13,1
5.52,176.47,0
4.93,98.35,1
5.95,181.44,0
5.04,142.93,1
5.62,143.24,0
5.34,122.45,1
6.21,169.65,0
4.96,132.22,1
6.1,199.71,0
5.09,129.92,1
5.67,158.7,0
5.49,161.55,1
5.46,209.01,0
4.82,124.51,1
5.82,168.37,0
5.87,141.54,1
6.29,187.89,0
4.99,135.65,1
5.3,180.51,0
4.78,133.28,1
5.18,185.71,0
5.17,155.17,1
6.31,206.89,0
4.84,147.04,1
5.38,149.12,0
4.98,166.74,1
6.47,176.96,0
5.41,123.92,1
5.5,211.47,0
5.3,144.41,1
5.68,164.88,0
5.45,135.23,1
6.09,183.7,0
5.27,144.72,1
5.29,168.45,0
4.84,165.82,1
5.91,220.56,0
5.66,138.96,1
5.72,221.7,0
4.87,106.74,1
5.66,208.99,0
4.98,133.03,1
5.68,165.94,0
4.92,124.22,1
6.07,157.26,0
5.62,130.31,1
5.41,166.39,0
5.03,147.2,1
5.85,170.39,0
5.22,149.54,1
6.17,185.19,0
5.08,133.55,1
5.8,205.74,0
5.25,122.11,1
5.99,172.15,0
5.33,123.6,1
5.95,188.73,0
5.68,130.71,1
5.75,162.67,0
5.27,152.7,1
5.55,129.92,0
5.16,156.29,1
5.67,190.37,0
4.91,124.92,1
6.19,165.46,0
4.76,125.89,1
5.95,171.6,0
5.42,149.46,1
5.82,136.98,0
5.15,143.65,1
6.06,143.75,0
4.48,134.56,1
5.4,187.89,0
4.96,164.8,1
5.0,182.76,0
5.19,124.86,1
6.06,187.19,0
5.02,127.33,1
6.06,190.25,0
5.36,135.02,1
5.66,162.36,0
5.55,170.45,1
5.96,186.24,0
5.14,133.39,1
5.47,194.29,0
5.23,129.96,1
5.18,169.85,0
5.07,150.8,1
5.94,134.9,0
5.22,106.33,1
5.3,177.79,0
5.13,145.04,1
6.36,183.9,0
4.93,139.88,1
5.87,204.67,0
5.28,171.02,1
5.99,163.18,0
5.06,143.61,1
6.22,181.92,0
4.77,117.59,1
5.96,155.94,0
4.93,142.67,1
6.15,185.35,0
4.78,143.86,1
5.55,162.49,0
5.19,141.7,1
5.8,180.46,0
5.09,133.1,1
6.19,183.15,0
5.65,149.89,1
5.64,166.45,0
5.0,132.28,1
6.17,111.59,0
4.84,139.54,1
5.75,164.22,0
5.01,141.87,1
5.79,182.32,0
5.37,122.24,1
5.69,196.99,0
5.03,137.85,1
5.43,160.11,0
5.26,122.45,1
5.92,172.75,0
5.13,142.98,1
6.1,179.47,0
5.81,108.34,1
5.37,156.55,0
5.15,99.08,1
6.49,156.95,0
5.33,131.86,1
5.53,149.31,0
4.81,150.81,1
6.35,156.11,0
5.45,132.49,1
5.87,170.43,0
4.87,117.88,1
5.55,203.61,0
5.3,135.98,1
5.67,170.22,0
4.68,151.49,1
6.06,192.74,0
4.93,108.01,1
6.14,168.24,0
4.99,129.41,1
6.21,156.54,0
5.29,156.08,1
6.03,178.79,0
5.88,151.7,1
5.33,196.25,0
5.74,140.48,1
5.12,166.33,0
5.11,152.44,1
5.56,152.62,0
5.21,130.48,1
6.33,200.76,0
5.08,144.38,1
6.15,193.59,0
5.47,138.11,1
5.6,161.0,0
5.32,132.74,1
5.83,125.76,0
5.05,132.47,1
5.59,198.55,0
5.1,126.21,1
5.87,170.66,0
5.16,121.5,1
5.37,154.58,0
4.78,124.57,1
5.94,182.53,0
5.22,130.81,1
5.66,195.63,0
5.33,144.3,1
5.69,196.46,0
5.42,170.9,1
5.56,169.16,0
5.18,131.08,1
5.89,151.27,0
4.85,146.59,1
6.06,201.02,0
5.54,152.01,1
5.84,164.92,0
5.45,149.52,1
6.01,169.92,0
5.49,147.18,1
6.18,174.17,0
5.98,116.15,1
5.81,170.72,0
5.13,150.25,1
5.64,181.43,0
5.52,124.16,1
5.86,202.86,0
4.88,132.51,1
5.85,190.75,0
5.22,137.53,1
5.51,186.95,0
5.36,143.34,1
5.96,175.51,0
5.64,136.76,1
5.87,192.52,0
5.47,126.89,1
5.74,178.31,0
5.7,141.82,1
6.0,169.08,0
5.2,156.82,1
5.44,192.5,0
4.86,161.02,1
5.91,137.2,0
5.29,151.44,1
6.01,177.13,0
5.36,126.49,1
6.12,193.11,0
5.48,126.6,1
5.61,177.9,0
4.86,163.48,1
5.54,188.15,0
4.65,125.96,1
5.44,193.28,0
5.17,106.18,1
6.0,183.18,0
4.93,120.32,1
6.22,201.38,0
5.36,157.28,1
5.43,169.61,0
5.72,134.38,1
6.22,210.68,0
5.44,140.87,1
5.5,159.58,0
4.68,165.96,1
5.5,164.6,0
5.41,121.51,1
6.06,198.71,0
5.2,141.56,1
6.03,184.24,0
5.69,146.73,1
5.71,204.53,0
5.54,141.15,1
5.88,154.8,0
5.11,126.96,1
6.16,180.4,0
5.43,147.44,1
5.62,152.32,0
5.4,142.9,1
5.87,180.9,0
5.18,123.2,1
5.75,174.42,0
4.99,148.86,1
5.32,178.42,0
4.91,138.4,1
5.62,192.92,0
5.26,135.65,1
5.93,153.33,0
5.18,120.51,1
6.07,187.54,0
4.93,154.06,1
6.11,126.49,0
5.33,134.46,1
5.95,174.72,0
5.11,147.17,1
5.71,208.49,0
4.75,141.61,1
6.14,162.02,0
4.96,182.47,1
5.9,187.63,0
5.21,131.31,1
6.15,163.87,0
5.19,124.65,1
5.71,192.86,0
4.92,140.67,1
5.98,162.29,0
5.03,150.13,1
5.85,183.54,0
5.23,127.79,1
5.41,203.5,0
5.1,101.62,1
5.8,182.86,0
5.21,133.59,1
5.81,143.47,0
4.3,145.65,1
6.13,162.62,0
5.31,139.68,1
5.98,168.63,0
4.97,138.93,1
6.02,177.83,0
5.46,110.64,1
5.59,179.06,0
5.22,117.79,1
5.65,178.66,0
5.16,144.72,1
5.53,192.18,0
4.87,142.18,1
5.76,219.58,0
5.38,132.13,1
6.07,183.02,0
4.96,135.39,1
6.17,197.83,0
4.99,129.46,1
5.73,158.04,0
5.36,135.33,1
5.71,177.08,0
5.45,117.96,1
5.41,157.81,0
5.17,126.15,1
5.52,192.15,0
5.23,123.72,1
5.79,174.53,0
5.08,118.92,1
5.64,155.7,0
4.99,148.55,1
5.67,183.56,0
5.27,135.48,1
6.08,166.47,0
5.22,135.56,1
5.96,193.05,0
5.02,147.19,1
6.18,164.26,0
5.61,138.09,1
5.88,165.53,0
5.29,125.15,1
5.66,155.05,0
5.5,141.09,1
5.59,198.27,0
5.18,150.93,1
5.6,160.71,0
4.79,150.64,1
5.75,182.16,0
5.25,160.63,1
5.41,200.14,0
5.49,128.36,1
6.07,165.63,0
5.78,161.37,1
5.98,218.12,0
5.68,142.13,1
5.58,193.67,0
4.87,148.33,1
6.32,208.35,0
5.35,130.18,1
5.86,168.5,0
5.23,135.34,1
6.03,168.01,0
4.84,133.13,1
5.26,169.18,0
4.7,144.51,1
5.61,185.5,0
5.05,122.06,1
5.79,176.4,0
5.66,134.95,1
6.35,175.34,0
5.65,170.36,1
5.85,214.54,0
4.83,128.22,1
6.02,154.67,0
5.36,146.7,1
5.72,191.05,0
4.93,154.31,1
5.49,191.36,0
5.29,138.37,1
5.88,175.54,0
5.26,154.24,1
5.84,183.08,0
5.49,169.47,1
6.11,190.18,0
5.0,130.48,1
5.61,177.43,0
5.16,135.1,1
5.86,180.72,0
5.53,148.89,1
5.74,161.87,0
5.61,123.55,1
5.82,144.87,0
5.37,132.13,1
5.56,203.34,0
5.04,140.4,1
6.07,167.31,0
5.35,146.91,1
5.97,181.22,0
5.19,145.48,1
6.1,170.31,0
5.34,145.37,1
5.85,181.01,0
5.56,144.47,1
5.79,182.65,0
5.21,155.35,1
5.66,126.35,0
4.82,138.56,1
6.06,139.91,0
5.04,145.41,1
5.92,149.96,0
5.14,166.51,1
5.8,188.26,0
5.33,176.26,1
5.65,156.77,0
5.63,165.99,1
5.79,156.35,0
4.86,132.65,1
5.56,208.85,0
5.13,124.74,1
5.67,118.56,0
5.1,141.83,1
5.69,168.59,0
5.19,127.31,1
5.6,204.41,0
5.1,134.46,1
5.46,138.3,0
5.19,131.19,1
6.23,168.38,0
5.32,131.79,1
5.82,188.15,0
5.08,154.07,1
5.85,179.32,0
5.69,140.84,1
5.75,188.34,0
5.09,122.45,1
5.43,183.24,0
5.53,143.72,1
6.16,162.33,0
5.82,162.94,1
5.96,208.42,0
5.11,152.58,1
5.73,193.43,0
5.96,125.63,1
5.48,167.11,0
5.21,127.44,1
6.17,196.15,0
4.92,133.77,1
5.52,182.82,0
5.16,124.74,1
5.61,128.36,0
5.31,112.95,1
5.41,164.64,0
4.9,170.67,1
5.92,162.9,0
5.42,139.32,1
5.36,191.5,0
5.05,146.62,1
5.56,129.53,0
5.59,112.02,1
5.63,190.91,0
4.95,112.05,1
5.69,176.79,0
4.96,146.08,1
6.17,213.75,0
5.06,154.58,1
5.8,230.44,0
5.49,135.85,1
5.49,154.06,0
5.45,148.81,1
6.15,219.36,0
5.46,154.83,1
5.66,202.09,0
5.22,156.79,1
5.53,127.27,0
5.44,114.59,1
5.52,178.24,0
5.16,137.36,1
5.54,184.4,0
5.34,119.92,1
5.8,153.92,0
4.99,151.1,1
5.95,132.39,0
4.53,124.16,1
5.42,210.14,0
4.54,145.72,1
5.95,169.7,0
5.01,147.42,1
5.01,195.9,0
5.7,139.75,1
6.05,168.12,0
5.65,156.62,1
5.9,158.68,0
5.61,138.99,1
6.18,188.1,0
5.01,122.92,1
6.26,170.57,0
5.9,104.19,1
5.69,222.8,0
5.31,157.29,1
5.67,170.71,0
5.05,129.19,1
5.63,155.43,0
5.19,150.24,1
5.61,182.49,0
4.97,115.5,1
5.8,173.24,0
4.49,142.75,1
5.57,184.3,0
5.3,150.14,1
6.14,197.52,0
4.92,153.21,1
6.03,132.95,0
4.97,109.99,1
6.1,169.4,0
5.39,135.89,1
5.93,151.77,0
5.23,132.46,1
5.74,173.42,0
4.91,140.47,1
5.77,192.46,0
5.35,98.16,1
5.59,175.72,0
5.17,132.45,1
5.72,154.86,0
5.04,131.09,1
5.58,150.35,0
4.93,150.76,1
5.65,184.21,0
5.0,106.44,1
5.26,196.77,0
5.01,144.08,1
5.62,144.07,0
5.38,151.39,1
5.18,185.04,0
5.24,134.49,1
5.98,184.64,0
5.55,111.59,1
5.58,163.98,0
5.17,134.85,1
6.01,149.8,0
4.84,120.14,1
5.73,187.76,0
5.12,152.19,1
5.83,157.09,0
5.6,168.33,1
5.98,204.92,0
4.73,131.45,1
6.13,185.18,0
5.0,162.24,1
5.77,159.52,0
5.47,142.28,1
5.35,163.74,0
5.36,138.52,1
6.07,201.67,0
5.49,144.13,1
5.82,179.54,0
5.32,132.01,1
5.74,194.37,0
5.08,153.21,1
5.59,162.41,0
5.72,132.33,1
5.73,136.81,0
4.98,141.29,1
5.55,210.65,0
5.46,137.4,1
5.58,184.44,0
4.6,159.56,1
5.65,175.79,0
5.32,163.06,1
6.49,175.83,0
5.29,139.83,1
5.97,175.96,0
4.76,136.74,1
5.68,176.07,0
5.08,153.6,1
5.53,226.48,0
4.91,143.5,1
5.96,165.74,0
5.43,131.14,1
5.57,198.76,0
4.6,138.46,1
6.33,186.82,0
5.31,137.64,1
5.82,201.15,0
5.06,150.35,1
5.69,181.55,0
4.82,139.93,1
5.52,179.36,0
5.53,125.26,1
5.13,190.28,0
5.36,149.94,1
4.79,208.97,0
5.06,121.58,1
5.83,171.2,0
5.45,111.18,1
5.41,190.84,0
5.19,148.4,1
6.11,177.11,0
5.1,138.0,1
6.14,204.74,0
5.31,139.88,1
5.9,190.7,0
4.79,105.37,1
5.72,140.42,0
5.1,143.55,1
5.49,191.12,0
4.89,139.6,1
5.35,192.33,0
5.33,164.29,1
6.04,173.14,0
4.95,126.2,1
5.11,141.43,0
5.45,139.55,1
5.6,177.51,0
4.9,135.52,1
5.67,174.56,0
4.88,138.6,1
5.79,128.99,0
5.32,133.04,1
5.43,158.86,0
5.17,151.39,1
6.16,156.79,0
5.43,143.6,1
5.97,220.66,0
5.87,167.37,1
6.15,189.64,0
5.64,161.16,1
5.49,160.15,0
5.22,134.6,1
5.77,162.16,0
5.38,99.46,1
5.73,132.97,0
5.8,119.26,1
5.77,167.21,0
4.88,161.75,1
5.37,175.84,0
5.19,135.19,1
5.85,171.98,0
5.29,148.75,1
5.93,189.03,0
5.19,125.76,1
5.9,170.26,0
5.46,124.83,1
6.13,174.94,0
5.38,130.09,1
6.08,157.3,0
5.03,129.92,1
5.98,206.03,0
5.48,137.48,1
5.99,169.4,0
4.84,176.32,1
5.79,165.66,0
5.4,171.0,1
5.57,190.79,0
5.36,154.49,1
5.75,185.44,0
5.29,121.54,1
5.83,166.92,0
5.29,120.2,1
6.28,189.73,0
5.22,134.47,1
5.73,173.19,0
5.25,146.95,1
5.56,133.33,0
4.82,122.43,1
5.94,170.82,0
5.78,163.04,1
5.62,173.7,0
4.86,158.38,1
6.12,168.91,0
5.21,158.22,1
5.46,181.96,0
5.08,156.43,1
5.25,196.68,0
5.13,166.2,1
5.45,207.6,0
5.22,151.07,1
6.16,203.07,0
5.66,146.57,1
6.41,172.65,0
5.25,130.13,1
6.0,194.36,0
5.3,178.1,1
5.93,175.71,0
4.94,132.72,1
6.17,168.31,0
5.48,115.65,1
5.74,188.98,0
5.52,152.04,1
5.56,191.24,0
5.27,162.97,1
5.82,184.03,0
5.17,135.88,1
6.03,160.41,0
5.5,133.87,1
5.95,195.1,0
5.11,153.62,1
5.69,153.33,0
5.03,132.2,1
5.88,171.99,0
4.78,149.13,1
5.37,183.41,0
5.04,138.17,1
6.16,170.24,0
5.51,157.34,1
5.89,198.99,0
4.86,148.39,1
5.58,183.49,0
5.46,143.25,1
5.49,144.85,0
5.3,154.56,1
5.83,153.62,0
5.1,120.77,1
5.74,176.83,0
5.69,145.69,1
5.88,150.84,0
4.79,156.45,1
6.22,158.25,0
5.2,149.31,1
6.25,155.74,0
5.68,124.72,1
5.51,144.0,0
4.7,171.26,1
5.16,192.18,0
5.27,144.04,1
5.82,209.75,0
5.23,142.35,1
6.06,177.73,0
5.11,87.07,1
5.64,141.57,0
5.12,150.89,1
6.25,141.54,0
5.5,112.08,1
6.04,154.27,0
5.31,154.37,1
5.7,182.1,0
5.82,152.88,1
5.96,162.0,0
5.26,133.34,1
5.53,143.94,0
5.4,148.9,1
5.85,175.94,0
5.43,107.53,1
6.39,194.46,0
5.26,152.54,1
5.45,195.11,0
4.78,147.97,1
5.4,174.17,0
5.02,140.63,1
6.07,224.6,0
4.97,141.57,1
6.03,181.18,0
5.6,141.06,1
5.41,177.93,0
5.75,153.57,1
6.23,154.81,0
5.29,144.11,1
5.28,165.77,0
5.61,112.84,1
5.88,174.19,0
5.52,141.98,1
6.27,192.4,0
5.4,136.05,1
6.01,212.71,0
5.26,151.45,1
5.86,158.2,0
5.17,103.04,1
5.72,179.7,0
5.05,152.77,1
5.12,133.54,0
5.25,140.76,1
5.68,149.32,0
5.06,141.46,1
5.46,193.3,0
5.05,141.4,1
5.73,194.07,0
5.56,162.64,1
6.07,153.64,0
4.91,141.42,1
5.82,200.63,0
5.34,129.7,1
5.89,162.93,0
5.25,138.23,1
6.08,173.73,0
4.79,131.68,1
5.57,186.28,0
4.85,147.02,1
5.48,180.87,0
5.24,124.28,1
5.81,187.5,0
4.96,151.36,1
5.19,157.34,0
5.08,141.77,1
5.57,168.45,0
4.83,111.93,1
5.53,123.39,0
5.07,160.07,1
5.87,150.83,0
5.18,158.75,1
5.72,153.96,0
5.38,121.02,1
5.62,198.69,0
5.65,138.44,1
5.65,177.04,0
5.41,160.34,1
6.07,209.56,0
5.48,131.12,1
5.85,173.6,0
4.86,142.26,1
5.95,210.87,0
4.97,133.88,1
5.92,171.01,0
5.35,147.84,1
6.15,160.99,0
5.01,143.38,1
6.51,145.2,0
4.88,143.55,1
6.42,196.94,0
4.98,138.53,1
6.1,179.7,0
4.89,149.3,1
5.83,154.29,0
5.32,113.0,1
5.95,151.13,0
5.1,143.97,1
5.28,181.39,0
5.52,170.51,1
5.62,196.42,0
5.02,143.77,1
5.77,192.73,0
4.98,153.56,1
5.58,189.86,0
5.31,151.91,1
5.74,167.51,0
5.4,164.09,1
5.53,183.94,0
4.49,155.48,1
5.64,192.14,0
5.25,151.01,1
5.97,151.05,0
5.45,119.12,1
5.8,169.24,0
5.26,137.81,1
6.11,161.5,0
5.57,130.5,1
5.15,165.67,0
5.81,135.12,1
6.27,154.79,0
5.46,149.56,1
5.45,186.92,0
5.41,144.89,1
5.72,193.38,0
5.2,120.5,1
5.95,226.0,0
5.67,149.03,1
5.5,200.23,0
5.03,140.67,1
5.87,145.16,0
5.36,145.78,1
5.53,143.1,0
4.7,118.14,1
5.79,192.61,0
5.51,177.06,1
6.06,192.48,0
4.72,118.86,1
6.16,203.57,0
5.25,122.02,1
5.57,176.58,0
5.13,147.52,1
5.91,168.24,0
4.92,142.88,1
5.51,152.57,0
5.2,145.24,1
5.63,174.08,0
5.01,115.69,1
6.03,173.46,0
5.36,133.75,1
5.72,193.72,0
5.37,149.73,1
5.92,182.32,0
5.04,149.78,1
5.36,149.32,0
5.03,141.25,1
5.74,180.68,0
5.28,168.26,1
5.51,188.04,0
4.96,146.57,1
5.44,169.77,0
5.51,130.46,1
5.47,169.7,0
5.11,124.99,1
5.64,134.25,0
5.28,120.81,1
5.9,172.76,0
5.13,134.25,1
5.99,224.62,0
5.19,136.08,1
5.79,165.98,0
4.59,124.51,1
5.53,215.23,0
4.99,133.25,1
5.9,115.67,0
5.11,121.49,1
5.87,182.54,0
5.57,157.61,1
6.21,168.14,0
4.75,132.34,1
6.43,194.23,0
5.24,138.06,1
5.59,148.41,0
4.99,130.21,1
5.89,162.45,0
5.11,126.3,1
5.51,132.86,0
4.79,144.4,1
5.83,168.41,0
5.48,137.73,1
6.03,179.2,0
4.83,135.43,1
5.15,172.73,0
5.45,143.86,1
5.59,186.48,0
5.2,158.82,1
5.77,147.05,0
5.7,143.9,1
5.85,150.31,0
4.84,125.11,1
5.66,193.27,0
5.26,106.17,1
5.86,191.35,0
5.02,162.03,1
5.92,195.86,0
4.7,158.25,1
5.41,178.67,0
5.1,147.55,1
5.89,179.05,0
5.11,157.16,1
5.75,217.69,0
5.25,138.47,1
6.24,150.76,0
5.65,145.73,1
6.09,210.78,0
5.7,135.25,1
6.16,192.22,0
5.82,121.89,1
5.68,173.18,0
5.12,119.38,1
6.24,186.32,0
5.38,145.03,1
5.74,213.46,0
4.84,112.16,1
6.12,160.59,0
5.38,135.61,1
5.91,166.81,0
5.18,152.66,1
5.89,197.78,0
5.19,163.5,1
5.9,173.38,0
5.1,140.17,1
5.9,160.57,0
5.44,139.8,1
5.55,164.58,0
4.84,142.12,1
5.38,169.85,0
4.77,139.7,1
5.87,184.43,0
5.3,155.31,1
5.75,214.02,0
5.39,132.81,1
6.12,172.96,0
5.32,154.85,1
5.56,178.75,0
5.34,158.4,1
5.72,163.81,0
5.14,161.5,1
5.77,177.18,0
4.6,169.04,1
5.99,177.12,0
4.87,130.53,1
5.84,180.23,0
4.94,153.75,1
6.04,157.61,0
5.4,132.51,1
6.39,182.53,0
5.56,150.45,1
5.95,167.98,0
4.68,116.58,1
6.32,171.68,0
5.3,149.2,1
5.7,191.59,0
5.49,143.27,1
5.53,153.45,0
5.03,120.56,1
6.09,175.9,0
5.23,146.98,1
6.13,177.62,0
5.26,154.97,1
5.76,165.45,0
4.65,160.79,1
5.98,182.12,0
4.88,147.37,1
5.57,189.04,0
5.4,141.75,1
5.63,193.75,0
5.03,122.05,1
6.38,179.89,0
4.97,153.35,1
5.8,219.33,0
5.63,137.69,1
5.74,151.06,0
5.59,150.19,1
5.69,149.27,0
5.31,151.89,1
5.86,184.52,0
5.62,161.27,1
5.84,160.82,0
5.38,165.33,1
5.91,149.07,0
5.33,140.59,1
5.77,159.48,0
5.55,151.01,1
5.94,172.51,0
5.0,137.71,1
5.63,177.95,0
5.45,151.8,1
6.35,192.46,0
4.59,139.21,1
5.77,161.22,0
5.21,142.53,1
5.93,189.87,0
4.99,145.26,1
5.54,191.54,0
5.42,122.87,1
5.8,174.43,0
5.19,144.04,1
6.48,160.61,0
5.26,122.55,1
5.17,152.13,0
5.56,144.62,1
6.59,177.24,0
5.36,137.76,1
5.88,169.64,0
4.82,152.18,1
6.22,120.23,0
5.6,132.25,1
5.54,173.71,0
5.13,154.24,1
5.63,175.97,0
5.66,165.14,1
6.04,137.25,0
5.57,135.6,1
5.58,172.48,0
4.88,146.59,1
5.55,215.34,0
5.17,140.53,1
5.69,151.74,0
5.31,126.63,1
5.93,149.19,0
4.98,140.78,1
5.89,153.63,0
5.36,128.31,1
5.36,171.37,0
4.74,127.16,1
5.66,189.11,0
5.18,139.34,1
5.81,191.36,0
4.82,115.6,1
5.46,138.5,0
4.87,135.77,1
5.8,190.44,0
4.59,149.07,1
5.48,161.42,0
4.75,123.32,1
5.6,159.27,0
5.14,113.99,1
5.43,181.43,0
4.84,116.58,1
5.74,175.38,0
5.25,162.66,1
5.91,216.46,0
5.12,163.32,1
5.72,164.56,0
4.84,128.14,1
5.64,171.85,0
5.24,128.7,1
5.95,164.85,0
5.33,126.32,1
6.03,202.11,0
5.29,141.25,1
6.35,179.22,0
4.86,145.33,1
6.66,179.39,0
5.01,120.7,1
5.98,161.25,0
5.19,137.53,1
6.11,168.27,0
5.33,141.99,1
5.37,142.19,0
4.71,134.71,1
5.89,158.68,0
5.12,135.32,1
5.5,170.49,0
5.27,128.81,1
6.1,164.8,0
5.07,141.22,1
5.87,177.44,0
5.37,120.82,1
5.4,162.16,0
5.37,158.8,1
5.97,181.86,0
5.16,149.18,1
6.09,220.27,0
5.22,136.13,1
5.46,205.09,0
5.27,133.85,1
5.57,166.59,0
5.39,138.42,1
5.54,145.9,0
5.31,145.44,1
5.14,201.32,0
5.5,136.72,1
5.83,186.95,0
5.05,151.07,1
5.55,176.61,0
5.15,129.62,1
5.38,130.81,0
5.23,164.48,1
6.15,205.77,0
5.22,152.52,1
6.45,183.91,0
4.99,139.78,1
5.82,147.12,0
5.39,153.6,1
5.8,168.89,0
5.14,154.69,1
5.62,191.66,0
5.07,131.27,1
5.9,157.96,0
5.68,132.3,1
6.37,181.51,0
5.23,125.5,1
5.85,165.84,0
5.48,127.3,1
5.61,171.81,0
4.71,156.74,1
5.83,187.58,0
5.41,169.19,1
5.62,199.3,0
5.45,126.87,1
5.4,172.05,0
5.27,148.25,1
5.39,146.14,0
5.56,143.08,1
5.74,200.85,0
5.09,134.97,1
5.81,163.84,0
5.02,144.66,1
5.91,165.73,0
5.25,144.65,1
5.85,155.96,0
5.58,128.53,1
6.4,153.24,0
5.69,134.33,1
6.09,174.61,0
4.71,143.68,1
5.92,167.77,0
4.96,142.62,1
6.05,158.88,0
4.52,140.02,1
5.58,144.42,0
5.47,93.53,1
5.69,121.25,0
5.02,163.34,1
5.63,184.76,0
5.66,128.49,1
5.9,179.67,0
5.89,144.27,1
5.78,167.94,0
5.25,138.51,1
5.91,157.74,0
5.08,125.84,1
5.6,184.55,0
5.41,143.8,1
5.67,178.95,0
5.12,156.9,1
6.39,195.76,0
4.9,127.09,1
5.69,162.94,0
5.58,106.6,1
6.03,184.39,0
5.22,133.4,1
5.54,153.68,0
5.17,156.07,1
6.13,120.92,0
4.94,155.93,1
6.22,199.11,0
5.28,148.51,1
5.97,171.65,0
5.15,138.14,1
5.5,195.66,0
5.74,153.99,1
5.71,185.06,0
5.12,143.99,1
5.81,192.95,0
5.32,144.86,1
5.64,137.55,0
6.3,127.65,1
5.8,186.58,0
4.9,112.64,1
5.8,193.42,0
5.39,143.24,1
6.14,189.97,0
4.89,143.92,1
5.54,167.93,0
5.07,152.79,1
6.21,171.23,0
5.63,137.77,1
5.49,156.86,0
4.62,133.26,1
5.43,189.29,0
5.05,138.94,1
5.86,162.01,0
4.94,146.14,1
5.89,185.64,0
4.74,143.02,1
5.57,176.82,0
5.21,149.16,1
5.58,183.16,0
5.68,144.03,1
6.07,165.66,0
5.25,151.59,1
5.74,170.89,0
5.01,163.75,1
6.1,163.74,0
5.48,154.06,1
5.4,191.59,0
5.8,149.91,1
5.39,151.68,0
4.82,143.12,1
5.87,183.55,0
5.26,134.2,1
5.95,149.77,0
5.49,108.15,1
6.37,161.53,0
5.82,149.28,1
5.94,143.46,0
5.58,128.8,1
5.66,141.98,0
5.09,121.2,1
5.63,178.76,0
5.56,149.73,1
5.83,177.01,0
5.02,133.76,1
5.51,188.79,0
4.73,129.65,1
5.84,219.48,0
5.43,124.6,1
5.35,190.38,0
5.61,133.11,1
5.69,165.06,0
4.86,138.79,1
6.11,170.75,0
4.68,140.06,1
6.12,163.98,0
4.67,155.98,1
5.85,160.77,0
4.79,173.63,1
5.75,166.93,0
5.48,133.85,1
6.1,176.2,0
5.49,156.75,1
5.55,150.6,0
5.46,165.02,1
5.74,160.47,0
4.75,148.93,1
5.88,180.95,0
5.05,134.12,1
6.19,196.45,0
5.56,139.26,1
5.89,179.01,0
5.43,124.01,1
5.95,173.85,0
5.01,140.45,1
5.73,144.95,0
4.95,150.87,1
5.99,212.79,0
4.88,151.64,1
5.64,181.83,0
5.64,129.5,1
5.86,157.61,0
5.4,137.22,1
5.86,176.44,0
5.24,164.68,1
5.92,189.52,0
5.28,126.38,1
5.6,183.18,0
5.56,138.54,1
5.7,188.71,0
4.89,155.88,1
5.97,109.4,0
5.12,137.23,1
5.69,237.2,0
4.98,130.85,1
5.85,134.92,0
5.34,109.76,1
5.76,175.61,0
5.45,103.0,1
5.19,130.55,0
4.53,125.57,1
5.85,177.62,0
5.37,164.73,1
5.31,148.57,0
4.74,140.57,1
5.55,155.32,0
5.03,154.13,1
5.7,214.35,0
5.08,137.0,1
5.8,157.05,0
5.13,139.48,1
5.76,165.4,0
5.27,120.68,1
6.04,167.64,0
5.6,124.34,1
6.28,195.56,0
5.43,122.96,1
6.15,184.91,0
5.37,140.68,1
6.27,191.81,0
5.04,142.06,1
5.86,138.64,0
5.77,123.69,1
5.55,158.95,0
4.94,121.62,1
5.78,197.84,0
5.35,150.29,1
5.82,150.59,0
5.07,98.13,1
5.96,176.2,0
5.29,124.42,1
6.23,167.47,0
5.62,135.45,1
6.18,169.96,0
5.36,107.28,1
6.23,212.2,0
5.37,149.65,1
5.69,199.14,0
5.62,119.8,1
6.01,182.35,0
5.43,140.32,1
5.75,215.82,0
5.12,140.59,1
6.1,179.14,0
5.36,132.58,1
5.53,157.77,0
5.57,159.46,1
6.38,164.75,0
5.72,143.71,1
5.59,181.95,0
5.53,140.62,1
5.89,197.38,0
4.62,141.53,1
5.78,189.17,0
5.32,114.1,1
5.4,172.52,0
4.85,159.1,1
5.78,186.87,0
5.4,158.81,1
6.08,213.25,0
5.35,159.24,1
5.7,191.08,0
4.82,135.65,1
6.47,189.62,0
5.25,154.11,1
5.53,216.63,0
5.09,136.47,1
5.91,165.05,0
4.88,155.51,1
5.89,165.5,0
5.34,138.28,1
5.79,161.12,0
4.73,124.84,1
5.78,152.99,0
5.01,148.16,1
5.84,180.32,0
5.43,136.3,1
5.75,130.85,0
4.96,151.23,1
6.08,163.02,0
5.08,148.75,1
5.73,188.08,0
4.81,162.53,1
5.69,163.72,0
5.24,146.89,1
6.2,176.7,0
5.32,141.2,1
6.61,180.46,0
5.38,137.0,1
5.53,167.94,0
4.67,130.33,1
6.15,202.18,0
5.01,152.19,1
5.73,172.89,0
5.73,120.55,1
5.33,196.94,0
5.88,127.5,1
6.29,206.73,0
5.22,112.06,1
5.15,187.27,0
5.55,136.58,1
5.56,172.86,0
5.22,135.05,1
5.78,187.46,0
4.88,142.63,1
5.47,172.06,0
4.74,128.17,1
5.89,198.09,0
5.32,130.91,1
5.92,172.44,0
5.04,135.04,1
5.47,214.3,0
5.54,93.79,1
5.84,170.7,0
5.05,156.7,1
6.13,143.74,0
5.22,145.01,1
5.67,161.67,0
5.43,119.75,1
5.33,192.69,0
5.79,150.18,1
5.82,157.26,0
5.22,146.87,1
5.6,173.03,0
5.32,134.94,1
5.94,130.45,0
5.42,147.83,1
5.98,190.64,0
5.82,121.55,1
6.04,132.81,0
5.02,134.09,1
5.52,163.44,0
5.01,143.56,1
5.56,213.09,0
4.8,142.68,1
6.35,175.55,0
4.7,139.48,1
5.73,165.53,0
5.43,146.99,1
6.07,161.38,0
5.0,140.21,1
6.42,209.25,0
5.17,160.19,1
5.94,175.09,0
5.55,142.2,1
5.37,182.66,0
5.36,150.71,1
5.86,204.39,0
5.23,153.37,1
5.79,201.96,0
5.06,139.24,1
5.21,159.9,0
5.31,135.94,1
5.78,169.15,0
5.53,162.99,1
6.03,185.01,0
4.94,125.4,1
6.07,134.06,0
5.2,100.97,1
6.17,170.33,0
5.37,147.58,1
6.44,186.8,0
5.09,112.69,1
6.4,175.65,0
5.35,142.63,1
5.63,199.27,0
5.22,142.6,1
5.8,188.84,0
5.23,140.83,1
5.85,172.82,0
5.66,113.58,1
5.18,190.29,0
4.96,138.5,1
5.37,155.42,0
4.31,136.46,1
6.63,175.4,0
5.17,168.73,1
6.29,204.64,0
5.65,104.04,1
5.0,176.09,0
4.46,147.16,1
5.44,203.86,0
5.49,122.03,1
5.78,148.49,0
5.0,169.17,1
5.78,203.23,0
5.25,139.52,1
4.85,150.75,0
5.41,161.93,1
5.43,206.09,0
5.13,149.19,1
5.81,178.86,0
4.88,152.69,1
6.11,163.77,0
5.46,144.7,1
5.9,170.43,0
5.84,142.27,1
5.31,159.6,0
5.44,154.54,1
6.04,170.09,0
4.94,164.29,1
5.77,174.16,0
4.88,141.73,1
5.57,184.04,0
5.69,127.4,1
6.14,173.95,0
5.67,157.34,1
5.79,172.71,0
5.64,123.79,1
6.06,127.78,0
5.45,111.89,1
5.25,194.97,0
4.65,132.3,1
5.94,200.95,0
4.96,138.69,1
5.41,207.9,0
5.34,154.54,1
5.73,163.76,0
4.73,150.84,1
6.19,154.61,0
5.58,125.78,1
6.05,193.14,0
4.77,161.48,1
6.27,165.82,0
5.13,129.5,1
5.71,167.92,0
5.21,134.71,1
5.87,197.56,0
5.34,152.06,1
5.05,217.89,0
4.83,133.99,1
5.63,204.79,0
4.74,119.42,1
5.73,172.95,0
4.94,134.03,1
5.93,171.41,0
5.0,143.82,1
5.87,196.51,0
5.1,143.25,1
5.71,148.1,0
4.92,138.5,1
5.35,193.35,0
5.88,138.11,1
5.91,177.97,0
5.21,147.74,1
5.57,133.33,0
5.03,146.35,1
5.94,198.37,0
5.31,167.91,1
5.47,181.49,0
5.35,118.56,1
5.36,168.03,0
5.12,130.36,1
6.1,218.69,0
5.31,142.96,1
5.98,207.94,0
5.81,131.93,1
5.93,178.25,0
4.79,137.81,1
6.69,179.71,0
5.33,137.16,1
5.34,174.82,0
5.35,140.83,1
6.34,140.65,0
5.74,125.82,1
5.9,175.17,0
5.53,134.11,1
5.75,156.96,0
4.82,150.42,1
