5.5,187.66,0
5.3,136.14,1
5.49,196.28,0
5.28,146.53,1
5.6,232.19,0
5.64,143.44,1
5.85,154.06,0
4.86,145.73,1
5.51,186.3,0
5.1,147.26,1
5.59,185.37,0
5.31,142.45,1
6.24,169.16,0
5.05,130.42,1
6.29,179.21,0
4.91,171.5,1
5.67,175.1,0
5.76,150.53,1
5.73,157.98,0
4.67,151.84,1
5.38,184.02,0
5.55,117.48,1
5.83,166.35,0
6.0,129.98,1
5.47,226.36,0
5.1,129.02,1
5.87,165.2,0
5.28,138.61,1
5.5,174.97,0
4.83,152.93,1
5.58,185.24,0
5.21,139.98,1
5.88,163.95,0
5.52,135.96,1
6.1,171.89,0
5.13,168.89,1
5.89,178.57,0
5.45,146.55,1
5.8,158.01,0
4.8,138.93,1
6.01,190.69,0
4.96,146.0,1
6.0,150.69,0
4.82,169.48,1
5.75,157.49,0
4.52,149.85,1
6.19,193.92,0
5.16,130.35,1
6.14,144.41,0
5.23,136.62,1
6.3,184.85,0
4.63,144.55,1
6.28,161.52,0
5.29,143.94,1
6.17,180.45,0
5.22,134.61,1
5.68,136.4,0
5.31,159.19,1
6.0,175.01,0
4.86,175.27,1
5.41,161.8,0
5.01,142.19,1
5.71,160.97,0
4.98,135.93,1
6.04,174.39,0
5.32,140.33,1
5.84,202.85,0
5.18,131.98,1
6.14,213.35,0
4.96,165.23,1
5.79,154.15,0
5.34,135.83,1
5.94,202.87,0
4.77,152.63,1
6.26,193.07,0
5.24,153.3,1
6.2,183.94,0
5.37,145.76,1
6.21,158.3,0
5.24,124.88,1
5.1,169.35,0
5.2,134.82,1
5.16,182.75,0
5.25,141.14,1
6.26,146.68,0
4.81,156.09,1
5.91,165.23,0
5.37,170.29,1
6.07,188.23,0
5.03,152.79,1
6.1,174.99,0
4.91,126.13,1
5.85,187.95,0
5.22,152.46,1
5.68,189.94,0
4.79,152.23,1
6.15,136.5,0
5.3,146.64,1
5.58,213.74,0
5.03,122.47,1
5.62,139.12,0
5.16,144.59,1
5.88,179.5,0
5.11,130.18,1
5.59,163.46,0
5.27,150.12,1
5.83,150.79,0
5.15,136.1,1
5.83,204.27,0
5.4,143.65,1
5.59,172.31,0
5.26,129.33,1
5.68,197.33,0
5.49,144.92,1
5.53,166.52,0
4.91,148.46,1
5.71,183.25,0
5.26,128.53,1
5.99,172.33,0
5.12,134.32,1
6.06,167.56,0
5.05,141.27,1
5.98,190.08,0
4.96,138.5,1
6.28,200.68,0
5.2,169.29,1
5.76,156.63,0
5.57,128.65,1
5.55,151.74,0
5.08,128.91,1
6.12,127.66,0
4.9,141.05,1
5.74,176.3,0
5.0,150.01,1
5.72,216.3,0
5.41,135.01,1
6.01,159.75,0
5.17,129.56,1
5.94,196.47,0
5.12,146.69,1
6.35,130.2,0
5.43,143.62,1
5.33,176.23,0
5.31,155.8,1
5.54,163.39,0
5.9,134.67,1
5.73,180.08,0
5.47,136.78,1
6.09,235.55,0
5.35,139.7,1
6.17,163.2,0
4.87,137.99,1
5.68,156.42,0
5.6,145.99,1
5.78,157.55,0
5.66,117.72,1
5.88,187.35,0
5.24,111.25,1
5.76,187.48,0
4.9,127.73,1
5.25,216.75,0
5.34,152.04,1
6.05,176.36,0
4.94,148.0,1
6.02,157.6,0
5.61,152.28,1
5.86,181.69,0
5.07,128.48,1
5.58,184.61,0
5.05,135.96,1
6.03,185.99,0
5.01,111.18,1
6.12,153.32,0
5.41,123.92,1
5.97,175.04,0
5.14,140.32,1
6.04,184.5,0
5.09,159.16,1
5.73,164.32,0
4.91,134.76,1
5.79,209.75,0
5.08,137.31,1
6.32,150.08,0
5.56,112.19,1
5.67,151.77,0
5.17,158.64,1
5.48,187.19,0
5.07,154.94,1
5.78,187.3,0
5.19,123.07,1
6.37,151.01,0
5.61,134.19,1
5.82,195.29,0
5.29,143.29,1
5.96,139.27,0
5.74,163.34,1
6.39,187.58,0
5.21,128.33,1
6.17,209.43,0
4.84,146.72,1
6.13,189.37,0
5.21,143.59,1
6.02,189.74,0
4.78,128.61,1
5.73,166.22,0
5.22,125.79,1
6.11,173.85,0
4.81,133.99,1
5.59,188.36,0
5.16,123.11,1
5.38,147.26,0
5.6,135.24,1
5.67,184.84,0
5.23,129.28,1
5.55,178.77,0
5.33,157.27,1
5.71,185.72,0
5.18,141.71,1
6.25,173.81,0
4.79,152.48,1
5.67,187.35,0
5.49,145.07,1
6.03,185.4,0
4.65,140.65,1
5.96,143.85,0
5.06,116.21,1
6.07,190.82,0
5.23,176.79,1
6.12,191.39,0
5.58,158.83,1
5.51,175.68,0
5.08,124.26,1
5.98,178.17,0
4.86,169.52,1
6.18,210.07,0
5.02,130.71,1
5.83,145.69,0
5.46,150.78,1
5.88,172.98,0
5.18,150.95,1
5.67,212.14,0
5.52,144.13,1
4.97,180.29,0
5.67,142.83,1
6.11,205.3,0
5.59,129.02,1
6.12,155.35,0
5.03,162.49,1
5.95,174.29,0
5.39,123.51,1
5.54,202.1,0
5.33,133.28,1
5.57,201.51,0
4.93,125.08,1
5.44,150.44,0
5.65,169.13,1
5.7,160.54,0
4.88,131.9,1
5.52,194.44,0
5.4,131.83,1
5.87,197.26,0
5.25,156.16,1
6.04,189.0,0
5.2,131.84,1
5.84,174.25,0
5.12,109.24,1
6.1,171.36,0
5.38,136.87,1
5.73,175.76,0
4.58,141.0,1
6.29,192.28,0
4.91,141.19,1
5.54,181.73,0
5.56,134.02,1
6.08,185.99,0
6.01,127.39,1
5.06,189.61,0
5.0,126.42,1
5.6,178.57,0
4.55,153.11,1
5.5,147.19,0
5.97,156.62,1
5.63,183.6,0
5.42,121.33,1
5.96,164.66,0
4.95,116.84,1
5.97,162.54,0
5.57,158.47,1
5.78,217.01,0
5.7,131.84,1
5.8,171.47,0
4.38,161.0,1
5.77,189.25,0
5.38,157.94,1
5.76,167.88,0
5.17,121.85,1
5.63,194.37,0
5.26,153.14,1
5.96,167.91,0
5.08,137.13,1
5.76,180.89,0
5.49,156.24,1
5.56,182.19,0
4.61,137.91,1
5.73,146.92,0
5.68,120.9,1
5.75,190.14,0
4.92,129.15,1
5.52,178.8,0
4.84,142.17,1
6.09,179.68,0
5.85,135.41,1
6.07,167.9,0
5.24,125.09,1
6.25,177.55,0
5.19,159.59,1
5.7,197.27,0
5.19,164.66,1
5.94,183.47,0
5.26,116.39,1
5.98,135.22,0
5.48,152.79,1
5.81,165.15,0
4.97,155.48,1
5.97,174.25,0
5.25,145.71,1
5.9,164.2,0
4.72,109.06,1
5.51,160.89,0
5.46,140.12,1
5.7,161.07,0
6.05,140.53,1
6.09,144.1,0
5.35,168.46,1
5.59,140.3,0
5.39,134.03,1
5.74,214.25,0
5.47,137.29,1
6.1,170.16,0
5.39,142.59,1
5.82,199.11,0
4.88,122.93,1
5.68,232.72,0
5.03,132.83,1
6.19,196.98,0
5.54,147.96,1
5.55,151.98,0
5.52,131.49,1
6.15,201.0,0
5.19,120.8,1
5.48,199.05,0
5.79,164.15,1
5.53,183.88,0
5.16,151.53,1
5.85,170.62,0
5.07,140.36,1
5.88,170.23,0
4.94,142.24,1
5.47,159.37,0
5.14,122.13,1
5.95,178.11,0
5.08,136.06,1
5.98,165.78,0
4.83,159.4,1
6.13,158.24,0
4.86,172.15,1
5.81,135.35,0
5.17,166.47,1
5.38,177.34,0
4.92,158.76,1
6.21,170.09,0
5.18,128.6,1
5.83,188.52,0
5.08,163.84,1
5.64,190.41,0
5.12,142.53,1
5.61,201.65,0
5.26,143.7,1
5.44,167.04,0
5.66,130.92,1
5.7,188.96,0
4.99,144.17,1
5.87,176.94,0
5.47,125.41,1
6.2,180.44,0
4.79,140.05,1
5.75,163.22,0
5.14,138.79,1
5.84,169.34,0
5.24,143.43,1
6.11,197.01,0
5.15,164.6,1
5.01,180.78,0
5.29,145.5,1
6.11,146.21,0
5.58,136.08,1
6.03,202.98,0
5.18,165.74,1
5.84,177.54,0
5.48,131.96,1
6.04,186.7,0
5.0,142.35,1
6.08,150.52,0
4.52,118.61,1
5.78,177.35,0
5.41,125.18,1
6.04,185.91,0
5.22,137.69,1
6.37,195.53,0
5.07,138.68,1
5.85,140.54,0
5.13,121.73,1
5.89,201.55,0
5.18,136.66,1
5.78,191.7,0
5.22,155.39,1
6.28,172.35,0
5.48,163.03,1
5.76,170.25,0
5.31,142.93,1
6.08,177.97,0
5.11,122.89,1
6.19,187.21,0
5.16,137.73,1
5.38,181.93,0
5.33,136.91,1
5.94,155.43,0
4.86,143.38,1
5.74,196.51,0
5.45,129.47,1
5.97,169.97,0
5.45,154.08,1
5.59,176.88,0
5.71,136.56,1
6.04,182.33,0
5.46,145.23,1
5.86,207.95,0
4.86,165.67,1
5.54,183.5,0
5.39,147.18,1
6.06,185.75,0
4.93,178.1,1
5.51,183.69,0
5.28,127.28,1
5.5,170.34,0
5.14,155.02,1
5.91,168.04,0
5.42,133.71,1
5.89,183.8,0
5.02,126.76,1
5.65,168.91,0
5.42,136.06,1
5.73,182.91,0
5.47,123.22,1
5.84,189.56,0
5.73,152.31,1
6.18,166.64,0
5.59,127.63,1
5.6,185.53,0
5.25,104.04,1
5.77,150.87,0
5.27,123.77,1
5.73,192.3,0
5.07,159.64,1
5.67,197.87,0
5.16,135.92,1
6.01,192.6,0
5.11,137.84,1
5.4,175.45,0
5.13,134.81,1
5.52,196.52,0
4.73,146.15,1
5.56,139.33,0
5.77,178.75,1
5.85,194.25,0
5.01,115.65,1
6.01,176.37,0
5.61,162.31,1
6.24,155.93,0
5.21,135.92,1
6.36,175.79,0
5.16,150.74,1
6.31,140.9,0
5.33,127.01,1
5.98,180.06,0
5.55,135.29,1
6.17,183.18,0
5.38,130.52,1
5.52,163.57,0
5.77,132.53,1
5.65,199.51,0
4.85,120.02,1
5.47,114.61,0
5.32,120.04,1
5.66,171.9,0
5.46,131.55,1
5.16,195.77,0
5.52,138.53,1
5.41,157.71,0
4.72,153.17,1
6.08,177.0,0
5.07,132.15,1
6.03,168.99,0
5.0,122.13,1
6.07,132.94,0
5.49,145.97,1
5.59,152.45,0
4.7,153.71,1
5.99,143.69,0
5.04,115.13,1
5.68,194.5,0
5.51,139.21,1
5.56,174.72,0
5.19,126.15,1
5.38,164.73,0
5.36,120.87,1
5.98,201.07,0
5.08,137.92,1
5.62,169.33,0
5.02,147.84,1
6.16,197.76,0
5.07,124.17,1
5.89,157.75,0
4.99,150.7,1
5.55,167.45,0
5.81,120.79,1
6.01,166.4,0
5.73,125.92,1
5.9,159.75,0
4.5,122.57,1
6.01,217.94,0
5.12,141.59,1
5.9,169.19,0
5.3,113.41,1
5.82,178.84,0
5.11,152.07,1
5.51,165.58,0
4.94,134.77,1
5.87,198.8,0
4.98,148.57,1
5.81,164.15,0
5.15,154.95,1
6.43,197.3,0
5.21,148.6,1
5.48,156.89,0
5.15,139.55,1
6.16,209.14,0
5.11,136.74,1
5.63,180.42,0
4.78,145.96,1
5.91,183.63,0
5.33,138.2,1
5.78,185.29,0
4.69,140.79,1
5.03,163.41,0
5.17,142.94,1
5.41,199.3,0
4.3,150.12,1
5.66,161.58,0
5.03,152.0,1
5.6,156.2,0
4.99,134.43,1
5.57,161.59,0
4.74,140.71,1
5.86,183.41,0
5.49,135.83,1
5.82,164.29,0
4.96,121.91,1
5.44,148.02,0
5.46,123.28,1
6.15,197.58,0
5.16,115.9,1
5.54,176.65,0
5.73,150.49,1
5.66,168.27,0
5.39,157.19,1
6.04,153.31,0
5.1,158.94,1
5.79,176.66,0
4.81,132.88,1
5.7,163.03,0
5.06,126.79,1
6.14,189.67,0
5.7,130.19,1
5.47,152.67,0
5.4,178.38,1
5.39,160.57,0
4.84,147.25,1
6.48,215.9,0
5.34,139.68,1
6.25,166.84,0
5.53,130.25,1
5.9,185.53,0
4.99,127.83,1
5.8,183.96,0
5.53,123.77,1
5.3,194.5,0
4.81,160.71,1
5.7,174.09,0
5.03,134.61,1
5.69,150.75,0
5.4,129.0,1
6.15,183.94,0
5.42,134.35,1
5.66,128.99,0
5.57,146.77,1
5.68,178.33,0
4.49,139.44,1
5.63,208.03,0
5.19,132.24,1
5.57,180.4,0
5.3,151.36,1
6.03,155.62,0
4.45,123.89,1
6.23,151.58,0
5.35,123.65,1
6.15,174.44,0
4.96,144.86,1
5.77,149.21,0
5.58,120.65,1
6.0,176.27,0
5.52,136.9,1
5.85,196.67,0
5.59,172.03,1
5.84,214.09,0
5.54,129.04,1
6.1,155.52,0
5.03,130.74,1
5.73,144.69,0
4.93,122.73,1
5.66,170.73,0
4.81,150.55,1
5.47,157.75,0
4.79,146.83,1
5.9,148.46,0
4.72,162.24,1
5.47,201.87,0
5.21,138.07,1
6.07,128.38,0
5.19,104.98,1
6.37,175.45,0
4.99,121.5,1
5.82,140.17,0
5.2,136.47,1
5.67,175.84,0
4.79,145.84,1
5.96,180.54,0
5.03,139.12,1
5.38,181.18,0
5.38,150.77,1
6.13,164.61,0
5.15,142.62,1
5.96,213.86,0
5.41,158.12,1
5.45,183.87,0
5.54,139.7,1
6.31,184.53,0
4.97,137.75,1
5.91,171.12,0
5.34,146.23,1
6.18,159.86,0
5.21,141.65,1
5.48,186.6,0
5.1,135.07,1
6.3,173.69,0
5.65,130.6,1
5.59,188.5,0
4.93,133.65,1
5.66,213.96,0
5.16,119.5,1
6.3,178.34,0
5.39,131.47,1
6.11,191.18,0
5.37,125.39,1
5.81,178.52,0
5.05,147.56,1
5.68,226.02,0
4.63,149.9,1
5.65,201.97,0
5.01,129.43,1
5.58,168.2,0
5.4,153.73,1
5.47,154.74,0
5.47,132.54,1
5.84,197.02,0
5.13,161.63,1
5.66,145.53,0
4.92,156.59,1
6.05,163.85,0
5.32,146.57,1
5.85,226.88,0
5.12,148.54,1
5.23,176.72,0
5.16,144.02,1
5.7,174.4,0
5.33,142.38,1
5.63,147.96,0
4.79,166.9,1
6.16,161.3,0
5.12,114.79,1
5.89,200.23,0
4.33,157.82,1
5.86,200.31,0
4.76,132.68,1
5.67,182.97,0
5.46,157.41,1
5.47,146.38,0
5.03,126.75,1
6.02,216.23,0
5.26,149.62,1
5.9,191.71,0
5.24,112.09,1
5.18,193.26,0
4.75,148.21,1
6.47,163.34,0
5.08,111.2,1
5.52,155.82,0
5.25,127.14,1
5.93,169.99,0
5.26,153.06,1
5.54,196.7,0
5.37,132.81,1
5.87,122.36,0
4.8,131.79,1
5.86,185.39,0
4.99,141.1,1
6.17,171.98,0
5.16,135.39,1
6.14,202.57,0
5.16,133.06,1
5.42,160.38,0
4.87,146.49,1
5.67,179.51,0
5.21,145.79,1
6.29,187.46,0
5.0,164.49,1
6.61,177.41,0
5.31,135.31,1
6.01,159.53,0
5.75,142.34,1
5.62,170.48,0
5.56,145.44,1
5.87,156.36,0
4.63,174.37,1
5.54,148.64,0
5.1,160.48,1
5.89,176.93,0
5.17,151.25,1
5.8,177.24,0
4.74,133.77,1
5.68,141.64,0
5.64,143.68,1
5.59,193.41,0
5.2,137.05,1
6.03,161.45,0
5.04,154.99,1
5.47,141.42,0
5.02,136.87,1
5.78,144.52,0
5.52,148.44,1
6.01,192.9,0
5.6,153.42,1
5.55,188.52,0
5.28,153.12,1
5.59,164.33,0
5.72,146.26,1
5.48,170.69,0
5.22,134.44,1
6.28,168.63,0
5.16,140.09,1
6.14,139.24,0
5.53,131.25,1
6.25,193.9,0
5.0,136.5,1
5.54,201.92,0
5.06,153.43,1
5.96,165.42,0
5.55,128.89,1
5.89,171.13,0
5.12,135.72,1
5.59,177.08,0
5.07,155.9,1
5.66,140.19,0
5.26,136.7,1
5.33,170.42,0
5.1,144.53,1
6.24,204.17,0
4.93,134.84,1
5.73,174.73,0
4.91,158.82,1
5.94,187.24,0
5.4,147.06,1
5.91,174.19,0
5.62,143.7,1
5.64,129.63,0
5.6,134.0,1
5.52,150.47,0
5.39,177.17,1
6.38,137.36,0
5.07,145.24,1
5.71,191.48,0
4.89,155.68,1
5.54,195.93,0
4.74,136.25,1
6.24,180.85,0
5.21,98.93,1
5.57,170.39,0
5.12,120.01,1
5.4,179.22,0
5.35,127.38,1
6.09,175.79,0
5.76,131.79,1
5.98,222.7,0
4.85,129.63,1
6.23,177.57,0
4.91,143.68,1
5.87,175.09,0
5.05,134.82,1
5.94,210.93,0
5.13,134.95,1
6.19,155.2,0
5.04,142.2,1
5.78,164.65,0
5.16,172.73,1
5.36,151.03,0
5.02,145.02,1
6.3,207.4,0
5.29,149.37,1
5.94,146.47,0
5.25,128.16,1
5.73,144.94,0
4.91,129.08,1
6.08,181.94,0
5.45,156.39,1
5.58,186.05,0
4.94,128.76,1
5.72,151.64,0
4.85,164.65,1
5.6,169.17,0
5.29,124.27,1
5.46,168.86,0
5.03,147.07,1
6.03,188.17,0
5.06,147.82,1
6.26,155.94,0
5.34,137.97,1
6.0,172.84,0
5.32,140.1,1
5.27,176.13,0
5.39,139.64,1
5.76,205.87,0
5.01,127.0,1
5.74,187.31,0
5.03,149.85,1
5.4,188.0,0
5.37,123.67,1
5.22,163.26,0
5.49,138.81,1
5.58,195.77,0
5.4,165.93,1
5.77,179.93,0
5.19,150.24,1
5.71,151.91,0
5.91,170.84,1
5.73,175.03,0
5.05,152.95,1
5.96,195.55,0
4.87,118.1,1
5.97,197.49,0
4.93,154.81,1
6.22,173.26,0
4.44,144.92,1
5.68,186.63,0
5.53,150.03,1
5.42,229.94,0
5.14,153.01,1
5.62,188.41,0
5.4,161.18,1
5.54,167.81,0
5.22,126.53,1
6.01,183.22,0
5.54,156.16,1
5.78,112.89,0
4.98,161.58,1
5.42,216.95,0
4.91,134.05,1
5.72,181.94,0
5.31,125.05,1
5.69,197.4,0
5.18,120.12,1
6.0,141.5,0
4.65,138.39,1
5.65,182.08,0
5.12,124.56,1
5.98,163.72,0
5.07,167.58,1
5.83,184.66,0
5.46,130.28,1
5.28,160.62,0
4.99,123.65,1
6.05,223.99,0
5.01,145.17,1
5.93,217.67,0
4.99,171.72,1
6.16,162.38,0
5.39,137.26,1
5.86,151.36,0
4.79,116.67,1
6.05,197.32,0
5.58,130.07,1
6.03,170.59,0
5.31,159.16,1
6.13,157.6,0
4.6,154.24,1
5.38,164.03,0
5.0,165.69,1
6.04,176.41,0
5.25,152.42,1
5.92,127.46,0
5.57,114.85,1
5.2,136.91,0
5.22,152.3,1
5.64,148.31,0
5.55,141.4,1
5.69,167.48,0
5.66,142.09,1
5.87,179.06,0
5.59,146.08,1
5.95,203.68,0
5.1,163.49,1
5.83,209.15,0
4.9,148.22,1
5.58,186.17,0
5.34,126.96,1
5.69,174.58,0
4.87,135.69,1
6.01,173.48,0
4.96,145.73,1
5.65,185.3,0
5.33,143.08,1
6.0,140.75,0
4.66,140.62,1
5.83,170.12,0
4.74,163.89,1
5.77,204.31,0
5.75,155.42,1
5.51,154.3,0
4.94,145.84,1
5.25,178.61,0
5.52,154.95,1
5.86,167.59,0
5.05,115.47,1
5.97,190.1,0
5.67,168.26,1
5.71,176.06,0
5.03,116.12,1
5.48,162.44,0
5.13,140.65,1
5.8,174.23,0
5.07,141.31,1
6.4,251.43,0
4.76,133.53,1
6.05,218.08,0
5.02,147.14,1
5.74,181.83,0
5.25,162.39,1
5.36,215.33,0
5.42,135.43,1
6.03,197.84,0
5.48,146.29,1
5.48,173.58,0
5.07,132.85,1
5.81,173.08,0
5.39,127.14,1
5.78,189.12,0
4.83,127.78,1
6.34,193.16,0
5.49,156.33,1
5.8,180.8,0
5.39,134.95,1
6.2,207.4,0
5.17,153.8,1
5.92,182.63,0
5.23,115.73,1
5.87,175.35,0
5.47,142.61,1
6.29,200.41,0
5.4,178.02,1
5.88,141.06,0
5.45,130.03,1
5.4,153.02,0
5.56,146.82,1
6.12,174.62,0
4.74,114.86,1
5.6,165.43,0
4.88,149.9,1
5.96,163.53,0
4.68,167.37,1
5.86,198.64,0
5.23,126.33,1
5.56,191.35,0
5.32,108.02,1
5.52,163.57,0
5.19,143.08,1
6.12,172.6,0
5.2,127.07,1
5.87,149.9,0
5.73,149.46,1
5.55,162.99,0
4.93,133.05,1
5.89,178.8,0
5.02,154.64,1
5.99,195.89,0
5.11,152.31,1
5.28,214.56,0
5.53,114.88,1
5.92,180.81,0
5.08,129.61,1
5.78,190.11,0
5.51,136.1,1
5.94,166.19,0
5.08,146.69,1
5.86,168.54,0
5.29,139.97,1
5.71,188.38,0
4.78,157.46,1
5.43,191.39,0
5.34,129.34,1
6.21,208.99,0
5.43,122.0,1
6.0,194.41,0
4.89,140.35,1
5.66,176.87,0
5.32,162.47,1
5.58,172.08,0
4.94,144.58,1
5.71,145.16,0
5.01,151.67,1
5.86,175.32,0
4.89,142.77,1
5.62,187.47,0
5.34,140.04,1
6.38,186.79,0
5.18,116.65,1
5.53,178.55,0
4.82,136.81,1
5.83,159.42,0
5.5,119.32,1
5.93,175.74,0
5.23,133.2,1
5.64,202.6,0
5.47,122.6,1
5.51,202.57,0
4.91,128.03,1
6.01,151.92,0
5.2,134.69,1
5.73,178.48,0
5.15,139.77,1
5.54,193.26,0
5.04,124.03,1
5.4,158.13,0
5.14,131.51,1
6.18,161.31,0
4.78,133.55,1
5.66,189.99,0
5.37,170.17,1
5.29,165.03,0
4.74,147.46,1
6.14,189.17,0
4.62,146.26,1
5.5,197.72,0
5.3,136.61,1
6.09,170.85,0
5.11,138.69,1
5.82,191.56,0
5.64,152.39,1
5.36,195.86,0
5.68,133.12,1
5.74,163.39,0
5.55,129.34,1
6.12,193.03,0
5.49,151.04,1
6.0,159.76,0
5.07,138.53,1
5.66,219.4,0
5.31,141.95,1
5.89,184.75,0
6.02,136.5,1
6.01,114.21,0
5.52,135.31,1
5.97,223.44,0
5.01,156.2,1
5.56,198.68,0
5.15,146.8,1
5.93,161.72,0
5.06,121.19,1
5.83,210.03,0
5.51,132.09,1
5.92,167.78,0
5.49,131.44,1
5.36,165.89,0
4.89,136.1,1
5.39,171.49,0
5.73,178.28,1
5.57,143.14,0
4.9,143.1,1
5.79,153.52,0
4.96,126.87,1
5.7,163.26,0
5.29,147.6,1
5.63,204.73,0
5.36,142.92,1
5.71,191.42,0
5.38,132.35,1
5.17,181.76,0
5.45,150.41,1
6.4,169.06,0
5.14,136.1,1
5.6,208.92,0
5.43,161.41,1
5.68,246.75,0
5.36,143.54,1
6.01,166.98,0
5.58,133.54,1
5.11,184.78,0
4.87,151.83,1
5.7,162.31,0
5.47,126.74,1
6.37,216.35,0
4.98,123.97,1
6.45,153.92,0
5.32,152.02,1
6.12,181.86,0
5.19,152.27,1
5.78,139.96,0
5.16,119.16,1
5.5,192.7,0
5.1,149.8,1
5.85,203.81,0
4.88,149.99,1
6.04,154.04,0
4.89,151.46,1
5.63,180.93,0
4.98,151.11,1
5.33,164.51,0
4.83,141.58,1
5.57,178.67,0
5.21,147.91,1
5.76,174.55,0
5.1,124.94,1
5.37,165.86,0
5.38,142.38,1
6.2,158.11,0
4.85,138.08,1
6.18,197.33,0
4.11,146.88,1
5.85,213.23,0
5.56,162.12,1
5.56,168.66,0
5.17,137.37,1
6.06,191.49,0
5.04,138.93,1
6.16,184.77,0
4.49,137.6,1
5.79,163.59,0
5.31,148.27,1
5.98,158.27,0
5.35,151.93,1
5.91,175.14,0
5.49,102.7,1
5.85,154.85,0
4.98,125.4,1
5.52,185.56,0
5.42,162.4,1
6.27,162.46,0
5.22,123.34,1
6.13,153.62,0
5.34,136.86,1
5.37,185.47,0
4.88,141.42,1
5.6,165.7,0
5.18,146.38,1
5.57,190.19,0
5.08,157.21,1
6.21,149.82,0
5.52,131.96,1
5.66,167.09,0
4.56,158.55,1
6.17,172.91,0
5.39,148.5,1
5.58,191.55,0
5.08,141.23,1
5.8,175.4,0
5.05,139.2,1
5.52,133.4,0
5.45,133.14,1
5.85,192.95,0
5.82,146.17,1
5.56,162.48,0
5.71,150.62,1
5.24,167.87,0
4.9,142.17,1
6.09,190.62,0
5.97,111.67,1
5.88,197.23,0
5.42,168.13,1
5.91,193.83,0
5.1,143.14,1
6.2,161.72,0
4.96,141.53,1
5.84,203.04,0
5.37,166.53,1
5.76,185.67,0
5.65,151.07,1
5.54,163.8,0
5.39,148.06,1
5.65,181.82,0
5.23,154.89,1
6.17,181.51,0
5.41,132.08,1
5.62,147.48,0
5.28,151.38,1
6.1,178.12,0
5.07,146.76,1
5.32,193.15,0
4.98,155.3,1
5.98,133.88,0
4.19,127.0,1
5.51,140.94,0
4.98,138.55,1
5.63,152.69,0
5.3,137.58,1
5.52,173.62,0
5.63,135.44,1
5.69,191.92,0
5.11,125.27,1
6.2,184.46,0
5.24,149.89,1
5.72,173.39,0
5.81,127.78,1
5.51,183.92,0
5.07,102.95,1
6.28,167.92,0
4.57,120.59,1
5.64,201.71,0
5.44,129.91,1
5.37,173.76,0
5.37,150.58,1
4.83,152.14,0
5.05,150.66,1
5.75,199.99,0
5.57,132.77,1
5.68,147.42,0
5.09,153.92,1
5.98,207.57,0
5.16,144.0,1
5.68,179.13,0
4.96,125.19,1
6.03,164.86,0
4.4,157.81,1
6.4,186.5,0
4.89,163.01,1
5.8,174.93,0
5.68,150.87,1
5.66,196.24,0
4.9,116.54,1
5.47,193.85,0
4.63,152.27,1
5.54,181.46,0
5.5,140.81,1
6.1,165.33,0
5.53,146.64,1
5.83,202.99,0
5.44,127.35,1
5.94,188.51,0
5.47,113.26,1
5.27,170.85,0
5.2,136.62,1
5.5,164.38,0
5.03,135.9,1
6.22,206.37,0
5.12,124.43,1
5.87,163.74,0
5.21,142.51,1
6.15,179.08,0
5.05,141.67,1
5.99,179.93,0
5.49,128.85,1
5.5,163.26,0
5.36,139.57,1
5.69,178.21,0
5.28,131.4,1
5.51,207.45,0
5.14,151.93,1
6.25,211.0,0
5.13,131.9,1
5.82,188.1,0
5.47,129.63,1
5.83,160.81,0
5.01,162.79,1
5.79,196.48,0
4.89,137.66,1
5.34,181.32,0
5.75,144.62,1
5.72,176.06,0
5.39,140.29,1
5.43,188.93,0
5.59,140.52,1
5.64,178.38,0
4.98,128.05,1
5.12,161.06,0
5.19,156.78,1
6.04,152.01,0
5.11,154.62,1
5.63,192.52,0
5.28,143.47,1
5.3,159.37,0
4.49,149.68,1
5.16,175.52,0
5.39,164.28,1
5.76,180.91,0
5.5,114.38,1
5.27,167.23,0
4.89,129.38,1
5.6,219.86,0
5.43,127.74,1
6.04,187.99,0
5.01,139.64,1
5.8,151.35,0
5.15,125.0,1
6.07,153.31,0
5.36,149.82,1
5.36,163.94,0
5.65,133.97,1
5.39,175.65,0
5.25,117.06,1
6.43,167.4,0
5.09,131.59,1
5.11,201.77,0
4.78,153.71,1
5.74,175.21,0
4.95,139.57,1
6.36,190.73,0
4.73,131.28,1
6.09,178.06,0
5.19,138.37,1
5.58,157.95,0
4.74,146.54,1
5.19,173.72,0
5.34,144.35,1
5.74,217.34,0
5.25,140.25,1
5.68,181.76,0
5.22,152.64,1
6.2,129.07,0
5.06,143.74,1
5.76,180.86,0
5.39,112.53,1
6.34,151.37,0
4.93,134.05,1
5.86,172.43,0
4.93,143.96,1
5.69,150.51,0
5.55,145.55,1
5.76,192.8,0
5.14,163.05,1
5.88,154.07,0
4.95,126.08,1
5.6,179.28,0
5.15,138.5,1
5.31,169.13,0
5.05,106.77,1
5.31,187.64,0
5.11,128.78,1
5.31,210.67,0
5.03,154.21,1
5.57,186.85,0
5.93,140.84,1
5.6,172.19,0
5.94,131.59,1
6.0,185.05,0
4.93,126.31,1
6.2,155.26,0
5.05,155.74,1
5.64,173.76,0
4.99,127.07,1
5.99,186.92,0
5.43,130.13,1
5.4,175.44,0
5.79,145.8,1
5.99,179.22,0
4.93,115.63,1
5.66,136.88,0
4.91,138.12,1
5.8,188.84,0
5.05,144.04,1
5.8,162.85,0
5.18,150.59,1
5.9,178.39,0
5.49,139.16,1
5.7,153.19,0
5.62,137.59,1
5.51,170.5,0
5.36,158.57,1
5.73,189.74,0
4.98,121.48,1
5.62,214.92,0
5.22,148.78,1
5.98,178.65,0
5.48,165.59,1
5.72,152.25,0
4.92,117.1,1
5.91,169.08,0
4.86,152.08,1
5.53,159.44,0
4.98,144.87,1
5.58,185.76,0
4.6,128.71,1
5.52,177.93,0
5.02,119.84,1
5.8,185.18,0
5.22,135.76,1
6.16,193.84,0
4.96,125.13,1
5.76,156.51,0
5.15,134.85,1
5.47,204.71,0
5.1,144.24,1
6.02,159.08,0
5.48,152.73,1
5.9,172.23,0
5.07,149.63,1
5.92,174.86,0
5.19,150.14,1
5.35,191.54,0
5.35,132.46,1
5.71,159.98,0
5.37,126.92,1
6.18,205.66,0
5.03,108.03,1
6.36,176.69,0
5.61,171.99,1
5.76,162.73,0
5.18,162.22,1
5.35,183.34,0
5.54,142.98,1
5.7,185.67,0
4.52,133.66,1
6.0,183.35,0
5.33,165.2,1
5.9,165.79,0
5.29,134.57,1
5.39,204.85,0
5.18,117.45,1
5.92,171.37,0
5.11,164.97,1
6.1,140.74,0
5.32,130.34,1
6.19,161.69,0
4.91,119.44,1
5.82,178.62,0
5.65,154.31,1
5.81,190.81,0
5.39,156.37,1
6.06,180.3,0
5.27,133.51,1
5.6,161.83,0
5.49,133.17,1
5.91,176.92,0
4.64,128.19,1
5.94,161.65,0
5.66,159.4,1
5.57,169.25,0
4.86,148.58,1
5.37,193.73,0
5.77,126.42,1
6.48,191.91,0
5.55,127.1,1
5.9,208.1,0
5.22,134.71,1
6.32,208.51,0
5.29,113.23,1
5.68,184.09,0
5.37,161.57,1
5.55,176.29,0
5.71,125.22,1
5.41,171.33,0
5.14,136.65,1
6.05,153.82,0
4.84,115.07,1
5.89,155.18,0
5.03,140.81,1
6.17,156.18,0
5.15,140.97,1
5.68,163.06,0
4.96,134.36,1
5.77,149.68,0
4.99,133.61,1
5.62,180.03,0
4.95,119.65,1
6.01,182.67,0
5.43,146.14,1
6.04,172.86,0
4.68,172.66,1
6.27,212.77,0
5.29,128.91,1
5.81,148.12,0
5.15,139.72,1
5.95,177.84,0
4.52,110.87,1
5.37,156.48,0
5.4,157.27,1
5.8,166.44,0
5.26,135.45,1
5.36,142.02,0
4.84,147.66,1
5.67,154.14,0
5.15,115.54,1
5.77,171.91,0
5.29,141.69,1
5.73,165.89,0
5.12,126.15,1
5.47,194.93,0
4.93,137.42,1
5.83,144.2,0
5.26,123.2,1
5.97,163.28,0
5.22,126.9,1
5.77,171.44,0
5.72,159.23,1
6.11,152.49,0
5.46,150.3,1
5.53,189.53,0
4.91,147.28,1
5.68,168.13,0
5.44,134.17,1
5.85,161.21,0
5.13,151.01,1
6.23,176.64,0
5.0,166.55,1
5.9,162.96,0
5.62,148.38,1
5.82,202.79,0
4.87,142.61,1
5.31,178.6,0
5.31,133.12,1
5.49,178.11,0
5.26,123.68,1
6.18,160.44,0
5.25,126.13,1
6.01,164.11,0
5.62,166.43,1
5.95,162.35,0
5.14,124.52,1
6.17,182.45,0
5.48,134.96,1
6.0,145.26,0
4.69,139.17,1
5.92,183.91,0
5.54,139.2,1
5.57,198.52,0
5.06,118.56,1
5.6,139.3,0
5.33,143.45,1
5.82,198.13,0
5.13,157.93,1
6.26,183.21,0
4.91,180.23,1
5.58,194.37,0
4.83,147.61,1
5.57,159.09,0
5.24,168.31,1
6.27,115.41,0
5.51,121.55,1
5.73,138.35,0
5.28,154.12,1
5.65,185.47,0
5.05,132.42,1
5.76,169.35,0
5.45,162.98,1
5.97,154.83,0
4.92,141.26,1
5.67,194.27,0
5.2,155.61,1
5.94,200.85,0
4.97,151.08,1
6.37,197.23,0
5.37,136.12,1
5.45,170.04,0
4.93,148.59,1
5.93,174.67,0
4.68,117.78,1
5.76,189.92,0
5.0,152.21,1
6.02,206.5,0
4.51,124.55,1
5.65,180.99,0
5.26,121.25,1
5.82,148.3,0
4.73,128.13,1
6.06,160.68,0
4.93,143.87,1
5.46,197.08,0
5.25,135.33,1
5.44,151.66,0
5.31,132.62,1
5.78,167.03,0
4.97,159.05,1
6.29,173.74,0
5.39,130.62,1
5.77,115.35,0
5.8,148.09,1
5.88,199.32,0
5.08,131.04,1
5.68,174.07,0
4.89,155.49,1
5.11,194.03,0
5.57,161.72,1
5.47,124.57,0
5.12,177.99,1
5.85,173.0,0
4.93,137.76,1
5.95,167.47,0
5.09,137.21,1
5.61,149.31,0
5.5,152.93,1
6.28,170.7,0
5.0,156.97,1
5.69,178.47,0
5.32,135.3,1
5.75,186.77,0
5.72,128.56,1
5.26,204.31,0
5.17,147.43,1
5.77,187.03,0
5.09,161.47,1
5.33,155.04,0
4.64,133.42,1
6.0,173.37,0
5.17,159.63,1
5.72,177.92,0
4.65,130.35,1
6.25,197.33,0
5.21,118.5,1
5.82,199.9,0
5.22,129.2,1
5.6,196.82,0
5.06,143.83,1
5.47,197.6,0
5.66,134.74,1
5.62,174.44,0
4.85,136.9,1
5.94,179.94,0
5.07,107.87,1
5.81,175.61,0
4.67,138.06,1
5.41,136.47,0
4.99,138.29,1
5.59,183.01,0
5.18,172.19,1
5.5,180.45,0
5.24,168.61,1
6.11,203.37,0
5.01,119.82,1
5.25,160.26,0
5.48,132.6,1
6.13,192.43,0
5.01,105.27,1
5.87,195.81,0
5.04,115.27,1
5.55,199.39,0
4.86,133.82,1
5.74,211.99,0
5.38,143.72,1
5.86,197.39,0
4.81,119.5,1
5.39,170.19,0
5.32,118.98,1
5.43,166.93,0
5.08,170.93,1
5.44,176.08,0
5.63,138.45,1
5.69,197.11,0
5.45,140.63,1
5.4,160.05,0
5.66,118.82,1
5.55,204.03,0
5.3,141.86,1
5.32,213.93,0
4.66,165.26,1
6.21,172.99,0
5.35,147.74,1
5.87,165.36,0
5.35,161.59,1
5.81,176.41,0
4.73,166.53,1
5.66,203.94,0
4.99,130.0,1
5.74,148.96,0
4.89,124.04,1
5.79,195.42,0
4.98,147.47,1
6.21,198.31,0
5.39,142.44,1
5.53,158.94,0
5.34,144.59,1
5.62,187.24,0
5.28,114.19,1
6.03,192.65,0
4.87,148.53,1
5.66,190.53,0
5.3,143.44,1
5.74,180.76,0
5.23,123.0,1
5.94,179.18,0
5.35,128.78,1
5.67,185.45,0
4.57,144.55,1
6.4,186.24,0
5.46,125.86,1
6.17,209.89,0
5.12,105.88,1
5.86,190.79,0
5.18,160.52,1
5.56,141.09,0
5.53,124.58,1
5.76,178.85,0
5.34,165.14,1
5.71,131.98,0
5.63,109.4,1
5.55,173.64,0
5.12,142.13,1
5.72,169.66,0
5.05,128.43,1
5.65,170.63,0
5.3,143.9,1
5.66,185.68,0
4.65,111.16,1
5.59,192.67,0
5.06,155.08,1
5.47,156.91,0
4.91,130.97,1
5.94,179.29,0
5.11,152.3,1
5.49,156.12,0
5.16,142.76,1
5.96,199.26,0
5.68,137.55,1
5.62,196.15,0
5.06,120.22,1
5.98,170.65,0
4.47,147.2,1
5.86,196.68,0
5.29,144.27,1
6.03,197.26,0
5.21,136.68,1
5.76,168.05,0
5.16,156.13,1
6.2,190.46,0
5.35,138.42,1
5.87,183.93,0
4.79,135.74,1
6.14,193.98,0
5.02,144.69,1
5.3,178.44,0
5.2,122.79,1
5.72,191.04,0
5.23,130.96,1
6.09,160.08,0
5.91,147.36,1
5.86,183.65,0
5.24,149.11,1
5.64,193.7,0
4.76,131.11,1
5.77,152.42,0
5.65,109.22,1
5.87,172.48,0
5.1,135.29,1
5.5,163.99,0
4.97,154.87,1
5.46,145.53,0
5.25,140.05,1
6.21,157.15,0
5.23,136.47,1
5.99,163.78,0
5.42,160.57,1
5.92,195.33,0
5.52,109.13,1
5.3,155.92,0
5.19,146.86,1
5.77,165.2,0
5.02,114.78,1
6.16,173.72,0
4.82,141.16,1
5.17,141.16,0
5.24,135.32,1
6.11,174.17,0
5.86,143.0,1
5.6,172.47,0
5.07,110.46,1
6.47,180.45,0
5.12,143.24,1
5.84,203.44,0
4.68,156.6,1
5.69,138.01,0
5.33,135.25,1
5.88,158.36,0
4.88,151.04,1
4.76,162.17,0
5.3,99.69,1
5.93,227.79,0
5.22,154.03,1
5.78,149.12,0
5.38,118.96,1
5.63,172.5,0
4.76,151.05,1
5.74,156.24,0
5.29,168.96,1
6.19,154.58,0
5.17,152.59,1
6.05,194.21,0
5.27,155.18,1
6.3,146.39,0
5.25,167.15,1
5.14,155.33,0
5.17,138.63,1
6.02,199.72,0
5.32,114.78,1
5.58,164.65,0
5.04,169.64,1
5.71,177.1,0
5.27,144.1,1
6.23,160.57,0
5.18,142.22,1
6.02,143.66,0
5.54,156.14,1
5.66,203.87,0
4.92,120.37,1
5.48,173.74,0
4.49,174.48,1
5.73,190.68,0
5.07,139.06,1
6.22,140.85,0
5.39,130.39,1
6.03,199.2,0
5.47,151.03,1
5.87,205.46,0
5.06,144.65,1
5.93,151.96,0
5.52,145.19,1
5.48,214.68,0
4.91,125.44,1
5.79,154.94,0
5.14,141.64,1
6.35,180.33,0
5.0,152.93,1
5.5,164.94,0
5.58,129.4,1
5.68,209.82,0
5.15,163.65,1
5.66,160.88,0
4.71,128.93,1
5.65,156.51,0
5.13,152.76,1
6.5,206.18,0
4.9,136.85,1
6.17,151.37,0
5.07,130.24,1
5.8,156.84,0
5.73,131.35,1
5.57,171.15,0
5.3,134.38,1
5.97,154.38,0
4.65,145.95,1
5.58,147.16,0
5.04,137.12,1
5.9,203.45,0
5.34,137.07,1
6.19,173.95,0
4.95,144.43,1
5.44,154.85,0
5.61,148.38,1
5.79,193.68,0
5.43,151.17,1
5.42,208.42,0
5.18,135.43,1
5.84,179.36,0
5.62,131.72,1
5.73,183.5,0
5.01,150.79,1
5.81,141.77,0
5.19,144.2,1
5.69,173.32,0
4.91,129.75,1
6.2,188.1,0
5.16,139.15,1
5.65,174.52,0
5.33,110.43,1
6.03,170.23,0
5.23,111.95,1
5.25,190.91,0
5.35,127.91,1
5.89,122.69,0
5.04,127.13,1
6.15,172.48,0
5.44,130.48,1
5.77,183.74,0
5.64,175.05,1
6.05,213.67,0
5.34,142.24,1
5.97,181.51,0
5.59,146.09,1
5.89,176.39,0
5.38,139.29,1
5.65,167.9,0
5.23,171.79,1
5.56,174.45,0
5.63,148.38,1
5.76,138.46,0
5.07,153.83,1
5.52,129.45,0
4.96,165.96,1
6.08,150.05,0
5.5,152.46,1
5.95,174.26,0
5.58,156.92,1
5.9,134.35,0
4.21,131.08,1
5.81,171.17,0
5.52,167.48,1
5.44,177.98,0
5.01,148.64,1
5.7,178.1,0
5.38,158.44,1
5.97,204.62,0
5.75,117.66,1
6.18,205.91,0
5.14,156.77,1
5.72,193.55,0
5.67,130.57,1
6.22,215.59,0
5.6,143.63,1
5.77,193.85,0
5.86,119.97,1
5.85,222.2,0
5.86,131.11,1
6.05,162.69,0
5.32,130.82,1
5.95,132.91,0
5.41,145.96,1
5.93,189.49,0
5.4,116.53,1
5.45,188.67,0
5.41,125.53,1
5.74,217.53,0
5.18,147.33,1
6.02,183.73,0
4.76,143.99,1
5.92,155.06,0
4.67,119.1,1
5.99,167.92,0
5.15,118.3,1
5.97,182.74,0
5.26,115.53,1
5.88,178.96,0
5.51,153.18,1
5.39,174.45,0
5.69,132.16,1
5.92,191.34,0
4.68,127.87,1
5.79,155.55,0
4.76,146.91,1
5.43,178.25,0
5.33,132.19,1
5.54,162.58,0
5.29,125.39,1
5.55,170.97,0
5.05,174.3,1
5.58,191.9,0
5.27,150.34,1
5.6,172.02,0
5.77,104.48,1
5.95,194.42,0
5.04,150.43,1
5.33,150.79,0
5.86,137.63,1
6.24,207.25,0
5.2,134.54,1
6.0,133.4,0
5.06,129.63,1
6.26,165.0,0
5.41,143.39,1
5.52,147.57,0
5.53,138.27,1
6.64,151.53,0
5.7,143.15,1
6.37,168.71,0
5.41,118.1,1
5.67,133.32,0
5.04,143.38,1
5.6,187.54,0
5.24,144.99,1
6.41,157.91,0
4.69,145.87,1
5.97,207.5,0
5.33,118.8,1
5.83,176.41,0
5.07,130.82,1
5.59,181.77,0
5.25,135.37,1
5.76,191.31,0
5.24,142.43,1
5.7,187.28,0
5.2,128.55,1
5.86,166.47,0
4.83,110.41,1
5.76,163.53,0
5.53,129.6,1
5.48,132.66,0
4.87,148.11,1
5.79,165.37,0
5.22,157.75,1
5.77,181.26,0
4.67,147.22,1
5.63,160.22,0
5.2,132.19,1
6.43,203.95,0
5.08,161.24,1
6.06,172.25,0
5.32,143.6,1
5.74,175.8,0
5.3,129.38,1
5.72,153.59,0
5.51,132.27,1
5.32,202.25,0
4.9,127.75,1
5.84,164.15,0
4.69,100.86,1
5.45,187.07,0
5.33,138.44,1
5.76,170.68,0
5.04,132.08,1
5.77,177.1,0
5.45,132.76,1
5.51,134.73,0
5.41,175.74,1
5.92,151.15,0
4.97,132.8,1
5.7,154.3,0
5.33,140.66,1
5.47,155.75,0
4.81,117.99,1
5.47,164.38,0
5.19,112.06,1
6.54,203.69,0
4.75,157.05,1
6.25,201.94,0
5.27,165.11,1
5.83,201.56,0
5.7,138.73,1
6.57,155.26,0
5.16,141.82,1
6.43,176.43,0
5.3,114.6,1
5.84,161.11,0
5.13,133.19,1
6.11,165.29,0
4.74,159.68,1
5.89,191.13,0
4.76,136.33,1
5.82,191.18,0
5.04,144.62,1
6.13,195.62,0
5.74,114.58,1
5.75,146.15,0
5.58,141.81,1
6.27,198.08,0
5.29,129.16,1
5.81,161.43,0
5.2,111.16,1
5.57,192.49,0
5.71,117.57,1
5.73,178.86,0
5.44,141.54,1
5.38,147.57,0
5.43,126.79,1
5.89,170.94,0
5.4,132.65,1
5.4,155.67,0
5.21,148.4,1
5.79,171.18,0
5.43,157.55,1
5.74,195.79,0
5.2,129.49,1
5.41,183.24,0
4.85,137.99,1
5.83,184.49,0
5.42,157.63,1
5.06,189.52,0
4.69,143.95,1
5.61,224.65,0
5.71,141.92,1
5.18,195.34,0
5.37,135.37,1
5.3,199.72,0
5.07,139.81,1
5.24,171.51,0
5.44,134.64,1
5.8,138.6,0
5.75,129.62,1
5.5,172.18,0
4.99,162.62,1
6.02,191.09,0
5.29,161.82,1
6.19,150.38,0
5.09,147.3,1
5.53,185.76,0
5.83,148.1,1
6.03,188.3,0
4.96,143.67,1
6.19,183.1,0
5.21,157.25,1
5.55,179.39,0
5.25,135.55,1
5.44,168.01,0
5.42,135.31,1
5.78,185.12,0
5.54,143.36,1
5.74,176.27,0
5.29,146.08,1
6.02,150.97,0
5.21,158.24,1
5.9,197.06,0
4.91,139.91,1
6.13,194.74,0
5.58,133.19,1
5.48,171.33,0
5.03,160.88,1
5.75,170.04,0
5.41,146.26,1
6.06,147.46,0
4.91,130.05,1
5.9,165.88,0
5.43,169.54,1
5.23,191.91,0
5.5,171.28,1
5.53,199.29,0
4.99,143.07,1
5.79,163.61,0
5.41,123.48,1
5.55,195.2,0
5.3,147.45,1
5.78,197.23,0
4.61,147.6,1
6.15,172.49,0
5.63,120.3,1
5.63,172.63,0
5.39,135.16,1
5.86,222.47,0
5.55,147.26,1
5.93,210.03,0
4.59,145.02,1
5.97,226.83,0
4.87,111.05,1
5.89,158.26,0
5.09,145.12,1
5.57,176.46,0
5.36,147.17,1
6.29,148.79,0
5.33,147.46,1
5.51,154.91,0
4.99,135.94,1
5.78,205.5,0
5.1,137.15,1
5.73,148.5,0
5.95,106.02,1
5.93,153.54,0
5.32,114.21,1
6.03,178.32,0
4.82,150.83,1
5.74,111.91,0
4.79,130.89,1
6.27,201.92,0
4.68,115.96,1
5.73,172.91,0
5.45,158.0,1
5.43,199.89,0
4.68,127.72,1
6.28,164.76,0
5.21,117.7,1
5.73,184.38,0
4.98,163.83,1
5.63,185.19,0
4.87,141.76,1
6.31,150.7,0
5.47,140.55,1
6.35,162.55,0
5.87,147.59,1
5.49,177.45,0
4.46,143.09,1
5.61,139.98,0
4.61,132.02,1
5.81,143.13,0
5.02,141.49,1
5.71,180.43,0
5.41,154.43,1
5.75,147.44,0
5.16,152.13,1
5.72,180.07,0
5.07,128.09,1
5.33,197.29,0
5.46,125.08,1
5.35,200.01,0
5.09,176.47,1
5.77,182.76,0
5.03,136.08,1
5.05,165.74,0
5.41,164.57,1
5.56,181.64,0
5.2,128.62,1
5.99,164.29,0
5.54,148.94,1
6.01,213.78,0
5.0,145.88,1
5.57,182.18,0
5.39,123.01,1
5.7,193.1,0
5.5,127.98,1
5.7,180.78,0
4.67,95.04,1
5.36,135.01,0
5.04,129.33,1
5.57,200.6,0
4.96,173.14,1
5.7,179.67,0
4.76,108.99,1
5.87,223.3,0
5.13,150.82,1
5.54,148.6,0
4.84,95.94,1
5.92,154.92,0
4.43,142.64,1
5.57,149.48,0
5.6,139.43,1
5.35,194.46,0
5.55,132.5,1
5.6,168.98,0
5.2,159.07,1
5.73,180.92,0
5.0,142.87,1
5.76,181.83,0
4.75,129.69,1
5.82,137.9,0
5.43,124.85,1
5.78,160.87,0
5.05,143.83,1
5.51,167.92,0
5.39,143.71,1
5.72,147.44,0
5.32,137.88,1
5.82,195.52,0
5.31,127.27,1
5.72,183.41,0
5.73,117.16,1
5.52,160.85,0
4.43,154.74,1
5.65,157.54,0
4.96,129.43,1
5.25,192.39,0
5.28,164.75,1
5.41,191.24,0
5.61,116.72,1
5.53,180.58,0
4.86,149.74,1
5.58,166.53,0
5.17,130.99,1
5.55,168.69,0
5.27,121.59,1
5.89,167.61,0
5.41,164.25,1
6.23,183.54,0
5.27,132.55,1
5.67,189.67,0
5.28,147.84,1
5.87,182.11,0
5.84,154.04,1
5.6,195.29,0
5.31,134.38,1
5.55,176.87,0
5.44,147.65,1
5.76,191.49,0
5.16,106.8,1
6.25,144.75,0
5.35,166.93,1
5.81,188.58,0
4.93,159.81,1
6.13,161.3,0
4.96,147.71,1
6.11,179.96,0
5.42,167.42,1
5.89,157.88,0
5.02,141.3,1
5.47,178.94,0
5.13,152.32,1
5.56,141.17,0
5.33,90.08,1
5.31,186.43,0
5.6,155.59,1
5.66,204.82,0
5.61,136.54,1
5.51,165.86,0
5.13,113.26,1
5.57,176.03,0
4.83,139.82,1
5.44,171.02,0
5.48,138.69,1
6.07,194.96,0
5.26,129.97,1
5.5,160.6,0
5.23,148.49,1
5.81,208.0,0
4.77,143.28,1
5.47,166.73,0
5.26,137.01,1
6.37,165.23,0
4.44,138.36,1
5.91,182.58,0
5.32,127.11,1
5.85,163.17,0
5.63,148.52,1
5.6,174.29,0
5.29,148.1,1
5.98,198.46,0
4.63,136.52,1
5.54,148.43,0
5.19,134.13,1
5.87,161.07,0
5.64,125.1,1
6.16,153.32,0
5.52,169.59,1
5.62,161.68,0
5.28,156.83,1
5.79,181.76,0
5.07,124.45,1
5.49,188.7,0
5.38,139.54,1
5.74,156.55,0
4.8,117.27,1
5.7,172.39,0
5.14,129.93,1
5.73,163.83,0
5.52,142.79,1
5.71,192.26,0
5.05,146.76,1
5.92,206.26,0
5.46,136.85,1
5.72,208.69,0
4.95,130.1,1
5.77,189.74,0
5.35,147.55,1
5.69,205.14,0
4.92,129.49,1
5.57,185.22,0
4.98,142.1,1
6.29,220.0,0
5.86,148.46,1
5.37,178.22,0
5.19,137.2,1
5.88,165.97,0
5.29,131.17,1
5.62,202.23,0
5.05,136.0,1
5.57,177.19,0
5.36,129.49,1
5.8,151.32,0
4.86,154.33,1
6.05,201.46,0
5.22,145.18,1
5.82,188.83,0
4.92,161.47,1
6.13,171.75,0
4.99,171.63,1
5.86,168.76,0
5.34,132.71,1
6.41,184.84,0
4.96,140.93,1
6.07,136.28,0
5.05,143.39,1
6.06,185.04,0
5.36,153.41,1
5.79,179.14,0
5.17,143.29,1
5.91,190.92,0
5.08,146.95,1
5.74,170.63,0
5.18,159.64,1
5.67,201.07,0
5.35,129.81,1
6.26,139.09,0
5.43,160.1,1
5.71,177.77,0
5.34,127.49,1
5.77,163.42,0
5.45,126.63,1
5.39,207.51,0
4.93,134.01,1
6.25,200.3,0
5.39,152.83,1
5.51,191.31,0
5.05,131.91,1
6.43,177.88,0
4.97,107.6,1
6.26,201.87,0
4.92,155.87,1
6.18,182.54,0
5.36,137.11,1
5.48,165.72,0
5.17,144.77,1
5.6,196.47,0
4.73,143.57,1
5.61,145.16,0
5.42,124.3,1
5.66,170.7,0
5.08,149.86,1
5.65,155.77,0
5.03,144.11,1
5.76,167.85,0
5.19,146.47,1
5.4,193.41,0
5.42,89.95,1
6.15,169.81,0
5.21,95.56,1
5.93,151.71,0
5.45,186.64,1
6.01,152.12,0
5.13,139.87,1
5.71,136.48,0
5.14,138.32,1
6.08,180.12,0
5.58,157.42,1
6.38,184.72,0
5.09,151.46,1
5.72,158.54,0
4.79,135.24,1
6.29,175.26,0
4.89,137.72,1
5.66,185.65,0
5.14,144.36,1
5.48,153.67,0
4.73,190.0,1
5.3,205.67,0
5.29,148.8,1
5.97,155.26,0
4.82,146.68,1
5.94,153.75,0
5.13,137.13,1
5.77,162.07,0
5.41,129.69,1
5.83,168.5,0
5.65,130.02,1
5.32,206.98,0
4.76,133.19,1
5.54,164.74,0
4.48,149.33,1
5.99,205.12,0
5.21,150.73,1
6.09,200.19,0
5.53,154.15,1
6.01,170.34,0
5.39,177.28,1
5.92,156.91,0
5.13,136.34,1
5.65,167.63,0
5.96,127.99,1
5.99,168.75,0
4.76,153.58,1
5.54,175.07,0
4.7,124.58,1
6.25,209.94,0
5.27,141.78,1
5.82,157.67,0
5.26,133.24,1
5.69,176.31,0
5.08,145.74,1
5.87,191.54,0
5.17,142.05,1
5.49,169.94,0
5.22,128.56,1
5.98,182.54,0
5.48,137.95,1
6.36,136.85,0
4.97,132.6,1
5.86,179.03,0
5.44,125.19,1
5.96,170.54,0
5.35,148.42,1
6.21,208.81,0
5.37,137.31,1
6.01,148.22,0
4.83,139.4,1
5.71,196.23,0
5.47,139.23,1
5.68,195.96,0
5.56,144.98,1
5.9,179.41,0
5.19,150.21,1
5.13,147.03,0
5.26,123.86,1
5.83,174.77,0
5.02,121.0,1
5.77,224.96,0
5.21,130.81,1
5.35,127.29,0
5.28,141.78,1
6.32,173.8,0
5.34,143.37,1
6.11,166.52,0
5.62,158.33,1
5.81,176.74,0
5.46,155.44,1
6.4,180.06,0
5.15,130.1,1
5.62,190.59,0
4.87,157.35,1
5.79,203.03,0
5.19,144.34,1
5.58,185.03,0
5.18,171.41,1
5.5,196.19,0
5.57,153.08,1
5.98,191.76,0
4.7,163.4,1
5.9,202.5,0
5.66,143.3,1
5.88,147.84,0
4.84,133.21,1
6.27,182.68,0
5.21,129.07,1
5.55,174.18,0
5.37,153.17,1
5.42,178.49,0
4.98,143.21,1
5.79,203.93,0
5.4,158.98,1
5.37,188.15,0
4.93,156.14,1
5.93,185.93,0
5.57,126.2,1
5.86,188.95,0
5.11,128.46,1
5.83,165.59,0
4.98,148.82,1
5.98,189.09,0
5.16,155.1,1
6.19,123.38,0
4.74,171.06,1
5.55,177.19,0
4.89,126.44,1
5.68,163.54,0
5.2,156.27,1
5.6,173.81,0
5.48,139.16,1
6.15,197.13,0
4.99,133.42,1
5.3,176.29,0
5.14,139.95,1
6.49,193.15,0
5.1,125.2,1
5.59,156.18,0
5.38,130.0,1
5.55,186.54,0
5.58,138.94,1
5.9,164.36,0
4.48,131.89,1
5.77,184.0,0
5.7,151.99,1
5.93,174.28,0
5.21,168.89,1
5.49,184.02,0
4.9,154.22,1
5.19,224.24,0
5.12,146.46,1
5.44,133.25,0
5.61,133.61,1
6.19,177.98,0
5.18,156.65,1
5.58,168.4,0
4.71,149.86,1
5.58,160.14,0
4.65,132.63,1
5.98,229.03,0
5.34,159.51,1
5.48,166.02,0
5.0,147.5,1
5.49,153.94,0
5.11,154.46,1
5.42,187.69,0
4.97,138.28,1
5.85,145.51,0
4.95,138.47,1
6.2,176.77,0
5.02,127.73,1
5.38,233.29,0
5.14,161.07,1
6.1,179.0,0
5.33,139.16,1
6.05,163.87,0
5.45,136.95,1
5.64,174.65,0
5.04,144.38,1
5.78,164.46,0
5.43,148.75,1
6.36,205.68,0
4.8,143.69,1
5.27,186.78,0
5.09,144.65,1
6.04,176.77,0
5.36,99.39,1
5.89,177.39,0
5.39,112.44,1
5.6,179.47,0
5.46,147.11,1
5.11,198.17,0
5.21,145.72,1
6.21,157.18,0
4.95,142.86,1
5.93,183.65,0
5.06,137.0,1
5.89,175.2,0
5.21,143.97,1
6.01,166.7,0
5.71,144.9,1
6.09,136.46,0
5.38,112.5,1
5.45,163.91,0
5.06,146.22,1
5.86,229.88,0
4.81,134.7,1
6.07,180.48,0
4.93,153.7,1
5.48,156.02,0
5.15,139.68,1
5.22,183.51,0
5.18,168.04,1
5.74,167.15,0
5.16,148.44,1
5.98,206.42,0
5.23,132.67,1
6.09,177.71,0
5.15,136.78,1
5.8,190.57,0
4.55,135.24,1
5.65,179.3,0
5.27,109.85,1
6.23,179.96,0
5.53,147.07,1
6.09,191.86,0
5.28,141.36,1
6.04,200.61,0
5.49,117.77,1
6.16,168.83,0
5.45,135.17,1
5.13,187.16,0
5.21,146.1,1
5.13,190.72,0
5.15,124.91,1
5.66,172.62,0
5.49,135.07,1
6.13,191.69,0
5.23,139.46,1
5.94,155.28,0
5.29,146.59,1
5.83,207.68,0
5.23,163.71,1
5.97,190.04,0
5.4,126.05,1
6.15,171.24,0
5.04,160.92,1
5.6,192.63,0
5.62,148.63,1
5.75,218.09,0
4.61,134.31,1
5.66,153.34,0
5.12,129.65,1
5.83,162.42,0
5.34,173.04,1
5.33,181.32,0
5.26,138.02,1
5.89,171.12,0
4.99,145.24,1
6.19,189.98,0
5.03,143.7,1
6.0,202.68,0
4.91,128.53,1
6.17,166.99,0
5.38,139.62,1
5.8,194.91,0
5.1,150.82,1
5.72,154.8,0
5.55,122.35,1
5.9,174.76,0
5.07,117.69,1
6.19,179.1,0
4.78,133.24,1
5.64,157.32,0
5.17,174.5,1
5.21,175.15,0
5.33,156.98,1
4.99,174.41,0
5.31,122.14,1
5.93,203.2,0
5.73,155.58,1
6.0,184.7,0
5.4,145.84,1
5.93,175.14,0
5.81,131.37,1
5.67,113.98,0
5.46,106.16,1
5.87,168.61,0
4.46,149.74,1
6.03,193.45,0
5.03,153.71,1
5.72,188.18,0
5.34,170.39,1
5.93,173.34,0
5.26,117.41,1
5.57,194.97,0
5.32,136.49,1
6.46,170.17,0
5.35,137.91,1
5.42,163.66,0
4.96,118.27,1
5.65,206.29,0
5.45,119.81,1
6.26,214.86,0
5.45,127.68,1
5.73,186.24,0
5.13,137.42,1
5.95,137.21,0
4.91,143.77,1
5.77,150.07,0
4.94,140.42,1
5.61,169.77,0
5.17,136.27,1
5.9,190.73,0
5.3,175.32,1
5.63,208.94,0
4.64,136.21,1
6.06,179.1,0
5.4,126.21,1
5.75,166.99,0
5.26,134.04,1
5.86,179.32,0
5.19,128.09,1
5.32,148.01,0
5.45,148.21,1
5.28,168.26,0
5.68,122.84,1
5.94,201.17,0
4.47,128.95,1
6.03,166.17,0
5.14,128.97,1
6.05,166.16,0
5.41,127.23,1
5.82,154.32,0
5.22,156.55,1
5.42,209.51,0
5.31,135.77,1
5.81,192.96,0
5.26,141.47,1
6.42,200.24,0
5.1,130.85,1
5.27,150.65,0
5.5,132.93,1
5.76,172.44,0
5.3,147.84,1
5.97,202.08,0
5.09,122.3,1
5.96,160.71,0
5.59,154.81,1
5.82,193.62,0
4.79,133.33,1
6.01,177.6,0
5.58,124.16,1
5.85,189.44,0
4.89,109.35,1
6.1,189.2,0
5.45,136.81,1
5.99,169.13,0
4.99,135.97,1
6.1,210.23,0
5.31,145.95,1
5.88,177.16,0
5.9,144.98,1
6.26,195.67,0
5.46,141.41,1
6.05,162.86,0
4.99,129.84,1
5.84,166.45,0
5.02,125.14,1
5.56,155.48,0
5.18,158.99,1
5.68,156.81,0
5.41,132.18,1
6.12,184.02,0
5.54,151.43,1
5.71,155.2,0
5.38,121.86,1
5.38,178.03,0
5.4,144.78,1
6.0,181.29,0
5.36,144.78,1
5.87,173.42,0
4.74,158.25,1
5.37,199.87,0
5.02,136.57,1
5.85,164.14,0
5.0,154.67,1
5.9,231.18,0
4.84,118.92,1
6.17,184.76,0
4.93,143.94,1
6.03,226.19,0
5.8,140.94,1
5.4,182.06,0
4.97,122.3,1
5.17,163.06,0
5.65,134.47,1
5.89,185.55,0
5.28,136.28,1
6.05,164.57,0
5.01,144.5,1
6.21,175.76,0
5.45,174.53,1
5.73,178.33,0
5.5,141.52,1
5.22,192.36,0
5.0,173.98,1
5.36,172.26,0
5.28,149.45,1
5.89,214.48,0
4.92,141.21,1
6.2,176.84,0
4.95,132.56,1
5.61,179.45,0
5.1,128.64,1
6.15,178.12,0
4.91,142.14,1
5.61,185.34,0
5.81,123.46,1
5.64,171.81,0
5.04,149.05,1
5.63,164.04,0
5.0,162.81,1
5.78,198.7,0
5.19,123.52,1
5.89,170.88,0
5.28,146.99,1
6.27,177.68,0
5.12,141.0,1
6.06,182.65,0
4.9,135.54,1
5.89,200.6,0
5.41,161.47,1
5.85,186.65,0
5.51,140.39,1
6.15,145.38,0
5.5,150.21,1
6.06,170.6,0
5.69,143.38,1
5.4,176.98,0
4.85,117.26,1
5.83,199.87,0
5.39,125.6,1
5.93,197.12,0
5.05,138.71,1
5.54,138.83,0
5.29,125.87,1
5.63,164.92,0
5.36,136.59,1
5.59,190.84,0
4.91,160.69,1
5.64,160.1,0
5.36,130.26,1
5.9,191.15,0
5.34,145.34,1
6.16,198.87,0
5.45,163.54,1
5.26,175.46,0
5.4,141.35,1
5.55,202.18,0
5.76,123.11,1
6.68,211.88,0
4.87,150.07,1
6.08,169.3,0
5.24,130.95,1
4.93,170.85,0
4.98,163.96,1
5.54,174.45,0
5.71,145.83,1
5.78,169.48,0
4.89,128.03,1
6.17,199.05,0
5.0,146.03,1
5.52,186.95,0
4.16,164.7,1
6.04,159.73,0
4.96,120.9,1
5.73,165.97,0
4.68,128.98,1
5.34,166.71,0
5.36,150.99,1
5.76,156.24,0
4.7,129.42,1
6.09,165.24,0
5.29,136.9,1
6.34,157.49,0
5.14,129.53,1
5.92,212.92,0
5.27,125.67,1
5.75,155.08,0
4.88,152.95,1
5.67,160.8,0
5.04,130.12,1
5.59,198.54,0
5.32,150.61,1
5.96,163.59,0
5.36,128.07,1
5.83,164.12,0
5.07,144.86,1
6.01,190.04,0
5.51,121.45,1
5.47,188.72,0
5.34,135.61,1
5.9,172.83,0
5.08,140.52,1
5.58,156.62,0
5.36,108.74,1
5.63,202.75,0
5.59,114.24,1
5.43,182.12,0
5.61,163.87,1
6.24,157.05,0
5.27,152.57,1
5.89,196.42,0
4.57,158.24,1
6.23,134.76,0
5.36,116.47,1
5.35,251.95,0
4.79,152.54,1
5.62,180.38,0
5.15,153.28,1
5.45,228.24,0
5.77,156.0,1
6.08,163.61,0
5.16,146.21,1
6.26,158.3,0
5.45,133.88,1
5.7,212.83,0
5.91,166.78,1
5.97,169.61,0
4.67,157.16,1
6.01,150.96,0
5.5,141.81,1
5.89,147.35,0
4.93,146.28,1
5.18,183.45,0
5.41,141.4,1
5.35,173.22,0
4.6,164.09,1
5.85,166.58,0
5.25,101.0,1
5.76,182.0,0
5.28,110.57,1
5.93,149.84,0
5.49,132.08,1
5.3,158.79,0
5.48,140.86,1
5.92,161.48,0
4.46,78.7,1
5.72,204.6,0
4.96,143.61,1
5.81,176.76,0
5.59,142.33,1
5.68,189.86,0
5.88,180.63,1
5.76,170.59,0
5.08,133.11,1
5.14,173.02,0
4.51,133.13,1
5.62,188.8,0
5.15,139.12,1
5.61,220.61,0
5.45,156.94,1
5.38,203.65,0
5.31,134.68,1
5.67,163.95,0
5.2,129.63,1
5.82,183.73,0
5.25,138.26,1
4.81,186.42,0
5.24,105.54,1
5.28,190.96,0
5.51,148.79,1
5.69,180.94,0
5.45,115.01,1
5.31,183.76,0
5.03,166.33,1
5.61,154.16,0
5.21,100.16,1
5.7,166.45,0
5.26,133.66,1
6.04,201.21,0
4.9,118.02,1
6.22,179.73,0
4.77,151.3,1
5.69,158.94,0
4.89,136.98,1
5.34,158.97,0
5.73,164.04,1
5.54,207.7,0
5.5,131.11,1
5.72,172.75,0
5.27,136.17,1
6.02,165.29,0
5.38,139.47,1
5.88,195.07,0
4.97,131.24,1
5.48,209.26,0
5.26,125.78,1
6.2,155.02,0
5.48,171.59,1
6.02,191.24,0
4.89,158.53,1
5.82,206.14,0
4.96,133.99,1
5.33,138.49,0
4.73,141.24,1
5.79,174.67,0
4.93,117.59,1
5.98,160.46,0
5.22,135.28,1
5.99,190.14,0
5.18,108.94,1
5.63,135.81,0
4.79,114.58,1
5.72,174.25,0
4.99,152.81,1
6.09,170.57,0
5.05,107.91,1
5.68,179.49,0
5.78,135.57,1
5.08,164.48,0
5.7,149.51,1
5.87,199.73,0
5.13,144.27,1
5.69,174.83,0
5.4,130.98,1
5.93,162.18,0
5.49,168.11,1
6.13,155.18,0
4.83,145.0,1
5.45,201.23,0
5.32,139.21,1
5.82,211.83,0
5.6,141.65,1
5.61,151.3,0
5.22,146.94,1
6.36,221.64,0
5.25,118.15,1
5.48,147.22,0
5.2,153.78,1
5.65,187.5,0
5.37,126.19,1
5.98,160.91,0
5.39,154.44,1
5.26,152.33,0
5.55,153.81,1
5.89,196.83,0
4.81,125.47,1
5.8,176.07,0
5.4,149.24,1
5.38,126.91,0
5.54,154.42,1
5.75,182.89,0
5.32,125.05,1
5.77,137.76,0
5.23,134.07,1
5.94,159.27,0
5.05,141.56,1
5.88,156.18,0
5.46,131.7,1
6.34,166.26,0
5.26,134.18,1
6.06,199.47,0
5.16,141.65,1
5.97,193.35,0
4.93,162.99,1
5.87,220.77,0
5.12,116.55,1
5.54,164.0,0
5.43,151.0,1
5.65,206.49,0
5.22,139.3,1
6.04,178.21,0
5.42,127.25,1
6.4,206.46,0
5.26,156.11,1
5.87,196.42,0
5.66,128.4,1
6.15,178.27,0
5.63,130.77,1
5.84,186.18,0
4.87,139.37,1
6.31,140.77,0
5.35,143.12,1
6.15,173.3,0
5.41,125.18,1
5.52,163.95,0
5.59,163.0,1
6.51,176.44,0
5.25,156.86,1
5.54,171.61,0
5.46,125.95,1
5.72,218.55,0
5.24,146.12,1
6.19,238.89,0
4.77,153.41,1
4.86,160.81,0
4.97,154.37,1
5.79,131.85,0
5.71,124.17,1
6.11,172.56,0
4.47,147.3,1
5.84,150.52,0
5.03,129.84,1
6.23,138.35,0
5.04,137.51,1
5.83,186.67,0
5.21,151.35,1
5.96,203.81,0
5.63,156.07,1
5.53,173.11,0
5.73,142.28,1
5.53,164.32,0
5.37,160.5,1
5.61,175.93,0
5.23,150.18,1
5.71,147.75,0
4.66,152.29,1
5.17,176.94,0
4.8,139.72,1
5.97,200.86,0
5.0,147.33,1
5.88,223.85,0
5.15,167.33,1
5.08,170.9,0
5.32,136.8,1
6.01,164.21,0
5.48,147.83,1
5.73,192.34,0
5.11,155.14,1
5.75,190.13,0
5.25,146.69,1
6.31,166.58,0
4.96,126.91,1
5.51,192.62,0
5.5,167.6,1
5.72,175.3,0
5.11,149.76,1
5.44,152.61,0
4.94,147.27,1
6.12,201.39,0
5.19,154.73,1
5.33,172.18,0
5.43,131.08,1
5.83,167.42,0
5.81,146.29,1
6.29,192.43,0
5.27,157.26,1
6.64,164.21,0
4.76,157.53,1
5.59,193.41,0
5.34,137.22,1
5.64,208.45,0
5.12,142.54,1
5.78,187.97,0
5.45,149.95,1
5.93,170.1,0
5.23,128.69,1
6.03,182.31,0
5.16,145.81,1
5.76,181.68,0
5.37,175.66,1
5.59,129.53,0
5.41,141.85,1
6.12,181.97,0
4.93,133.81,1
5.75,147.99,0
5.17,151.05,1
5.81,163.77,0
5.19,136.83,1
5.9,161.23,0
5.03,136.47,1
5.88,185.04,0
5.19,142.02,1
5.98,140.29,0
5.08,143.73,1
5.79,213.35,0
5.16,153.08,1
6.13,165.04,0
5.6,140.89,1
5.8,170.53,0
5.35,132.31,1
5.57,170.44,0
5.33,124.61,1
5.21,147.36,0
5.18,125.6,1
5.57,239.98,0
4.75,157.67,1
5.99,166.83,0
5.7,150.81,1
5.87,220.75,0
5.18,131.9,1
5.6,168.32,0
4.66,143.09,1
6.31,172.04,0
5.21,130.1,1
5.61,189.94,0
5.62,145.04,1
5.78,213.48,0
4.88,141.16,1
5.46,171.5,0
5.11,116.88,1
5.71,145.87,0
4.95,145.92,1
5.61,134.24,0
5.45,153.52,1
5.6,173.67,0
5.32,130.02,1
6.13,191.28,0
5.35,145.32,1
5.4,194.53,0
5.16,134.45,1
5.48,167.27,0
5.17,130.65,1
5.93,165.89,0
5.5,102.25,1
5.74,231.23,0
5.03,140.84,1
5.82,171.11,0
5.27,161.0,1
5.63,143.31,0
4.82,133.25,1
5.91,162.44,0
5.63,139.25,1
5.89,164.45,0
5.9,159.95,1
5.64,169.72,0
4.92,115.64,1
5.8,189.68,0
4.8,127.32,1
6.08,183.12,0
5.74,130.01,1
5.96,148.77,0
5.34,132.74,1
5.74,152.86,0
5.38,118.23,1
5.7,158.87,0
4.94,136.41,1
5.75,149.5,0
5.15,133.7,1
6.36,151.29,0
5.71,124.85,1
6.03,187.75,0
4.95,124.83,1
6.32,178.43,0
5.8,130.53,1
5.95,165.49,0
5.71,145.2,1
5.33,144.54,0
4.85,156.47,1
5.73,196.03,0
5.64,119.71,1
5.61,156.13,0
5.93,152.68,1
5.6,159.27,0
5.09,128.93,1
6.17,226.89,0
5.36,133.2,1
5.81,169.95,0
5.17,145.3,1
6.05,184.83,0
5.45,165.08,1
6.01,197.27,0
5.02,162.11,1
5.87,206.59,0
5.48,146.78,1
6.15,209.77,0
5.09,155.76,1
5.88,129.92,0
5.48,154.61,1
6.05,157.69,0
4.85,132.29,1
5.63,154.31,0
5.35,129.36,1
6.13,152.48,0
5.38,165.69,1
5.36,145.02,0
5.51,120.14,1
6.04,163.38,0
5.31,136.86,1
6.43,187.8,0
4.9,156.03,1
5.63,201.16,0
4.66,166.13,1
5.91,162.9,0
5.22,145.98,1
5.79,192.39,0
4.94,120.72,1
5.75,180.9,0
5.85,145.14,1
5.23,156.07,0
4.92,151.38,1
5.92,198.98,0
5.02,125.32,1
5.56,165.87,0
5.36,137.4,1
5.53,174.74,0
5.44,135.45,1
5.56,162.16,0
5.16,161.82,1
5.44,185.25,0
5.42,125.08,1
5.78,184.66,0
5.19,169.93,1
5.93,186.33,0
4.78,136.22,1
5.65,189.29,0
5.54,135.93,1
5.87,187.83,0
5.18,132.99,1
5.77,172.76,0
5.53,158.51,1
5.78,181.36,0
5.14,149.73,1
6.01,204.19,0
5.63,127.95,1
5.7,173.56,0
5.13,138.85,1
5.7,170.03,0
4.85,135.15,1
5.96,199.77,0
4.95,126.12,1
5.74,193.62,0
5.39,133.31,1
6.5,212.39,0
5.33,137.66,1
5.36,163.39,0
5.49,130.71,1
5.44,169.56,0
5.06,122.14,1
5.65,189.95,0
5.36,138.68,1
6.54,173.69,0
5.75,143.45,1
5.92,179.45,0
5.78,142.03,1
6.09,179.19,0
5.03,140.66,1
6.3,152.41,0
5.19,135.8,1
4.95,168.71,0
5.23,116.72,1
6.19,207.87,0
5.7,138.16,1
5.89,195.57,0
5.19,155.91,1
5.77,160.92,0
5.53,143.98,1
6.01,171.25,0
5.1,151.25,1
5.92,188.76,0
4.56,136.1,1
5.52,156.27,0
4.8,151.55,1
5.44,176.0,0
4.93,155.3,1
5.87,155.07,0
5.22,158.61,1
5.66,198.16,0
5.45,137.46,1
6.37,155.4,0
5.29,133.7,1
5.53,172.57,0
5.05,144.72,1
5.77,172.12,0
5.44,133.9,1
5.71,152.29,0
4.77,149.08,1
6.4,148.71,0
4.94,127.31,1
5.96,186.86,0
5.4,183.36,1
5.74,181.59,0
4.88,143.77,1
6.03,169.91,0
5.7,150.43,1
5.71,178.1,0
4.61,155.75,1
5.55,158.84,0
4.98,136.9,1
5.84,165.79,0
4.89,136.14,1
6.04,156.51,0
5.38,137.68,1
5.96,184.35,0
5.25,113.88,1
5.88,194.45,0
5.08,136.38,1
5.72,151.08,0
5.02,139.33,1
5.63,168.64,0
4.54,145.23,1
6.02,205.06,0
5.26,128.16,1
5.76,194.66,0
5.48,194.53,1
6.12,228.47,0
4.88,120.82,1
5.85,191.8,0
5.56,132.92,1
6.17,162.51,0
5.05,160.83,1
5.53,190.62,0
4.86,145.05,1
5.6,163.39,0
4.74,119.41,1
5.31,158.45,0
5.29,116.63,1
5.58,200.74,0
4.91,153.2,1
6.02,177.78,0
5.07,128.01,1
5.61,204.16,0
4.69,125.34,1
5.3,212.68,0
5.15,135.3,1
5.63,141.38,0
5.23,142.32,1
6.1,172.31,0
5.55,163.53,1
6.15,142.01,0
5.3,157.64,1
6.12,168.17,0
4.95,167.73,1
5.81,148.45,0
4.54,130.1,1
6.05,187.45,0
4.34,158.46,1
6.04,168.92,0
5.4,154.28,1
5.24,126.96,0
5.81,140.01,1
6.0,191.05,0
5.07,153.58,1
5.38,143.63,0
5.02,149.71,1
5.86,176.36,0
5.5,98.96,1
6.39,146.21,0
4.86,121.17,1
5.86,158.98,0
5.16,159.75,1
6.05,180.73,0
5.16,137.22,1
5.58,162.13,0
5.64,144.27,1
6.24,176.77,0
5.76,119.49,1
5.08,166.29,0
5.24,156.33,1
5.34,174.64,0
5.31,133.95,1
5.66,133.53,0
5.57,154.6,1
5.56,214.61,0
5.26,131.76,1
5.96,167.21,0
4.8,126.36,1
5.5,200.26,0
5.19,155.34,1
6.2,178.71,0
5.14,130.04,1
5.39,159.41,0
5.2,130.53,1
5.44,172.02,0
5.23,129.75,1
5.76,165.24,0
4.83,132.69,1
5.88,169.52,0
4.95,149.25,1
5.87,162.43,0
4.87,149.5,1
5.29,175.45,0
5.25,149.34,1
5.74,152.18,0
5.1,141.76,1
6.45,191.05,0
5.32,145.45,1
5.27,170.37,0
4.9,167.89,1
6.25,157.9,0
4.76,178.66,1
5.98,150.16,0
4.83,116.8,1
5.77,202.16,0
4.88,139.91,1
5.47,139.41,0
5.14,154.07,1
5.45,195.3,0
5.05,142.0,1
6.17,196.36,0
4.5,155.72,1
6.24,171.54,0
5.48,142.36,1
5.72,169.91,0
5.43,130.68,1
5.97,178.3,0
5.25,147.26,1
5.92,155.49,0
5.35,157.79,1
6.0,166.15,0
5.29,133.49,1
6.02,128.44,0
5.11,143.96,1
5.97,164.93,0
5.79,132.97,1
5.89,143.37,0
4.78,133.71,1
5.75,150.65,0
5.21,168.02,1
5.66,129.23,0
5.0,154.26,1
6.08,182.53,0
5.24,157.39,1
5.91,176.27,0
4.9,141.89,1
6.06,182.8,0
5.27,155.39,1
6.34,149.02,0
5.02,144.23,1
6.06,157.73,0
5.35,162.45,1
5.4,169.76,0
5.25,117.52,1
6.0,164.45,0
5.28,107.06,1
5.39,187.3,0
5.39,142.12,1
5.69,186.97,0
5.28,132.95,1
6.24,149.02,0
5.53,144.51,1
5.55,196.79,0
5.55,134.61,1
5.62,169.67,0
5.15,157.88,1
6.02,158.84,0
5.15,142.57,1
5.68,228.69,0
4.87,128.28,1
5.41,220.37,0
4.86,156.97,1
5.61,155.38,0
5.21,130.56,1
5.52,197.15,0
4.81,125.71,1
5.85,169.67,0
5.17,146.89,1
5.97,179.49,0
5.6,126.38,1
6.27,210.94,0
4.79,133.85,1
5.91,165.67,0
5.04,150.79,1
5.59,177.82,0
6.01,123.47,1
5.86,155.99,0
5.65,145.12,1
5.86,203.06,0
5.36,90.7,1
4.99,185.75,0
5.46,163.07,1
6.03,193.59,0
4.73,146.57,1
5.91,202.92,0
5.12,129.39,1
5.78,188.14,0
5.21,140.9,1
6.33,162.79,0
4.74,106.43,1
5.82,224.37,0
5.4,146.52,1
5.55,180.41,0
5.55,161.15,1
5.72,161.65,0
5.12,150.91,1
6.38,202.78,0
5.07,121.64,1
5.88,187.12,0
5.16,132.94,1
5.76,150.96,0
5.13,120.22,1
6.54,189.09,0
4.85,142.28,1
5.52,183.24,0
5.19,152.51,1
5.95,167.38,0
5.4,158.57,1
5.67,195.17,0
5.29,140.57,1
6.07,163.11,0
4.72,138.04,1
5.9,198.14,0
4.73,160.81,1
5.28,165.55,0
5.06,154.8,1
5.94,132.15,0
4.82,161.46,1
5.7,167.57,0
5.35,130.23,1
5.55,206.0,0
4.9,137.45,1
5.81,156.44,0
5.61,137.04,1
5.3,181.46,0
5.77,126.49,1
5.78,204.49,0
5.25,154.26,1
5.78,213.4,0
5.35,137.06,1
5.86,165.06,0
4.89,133.23,1
6.19,183.25,0
4.58,138.07,1
5.85,180.8,0
4.97,137.36,1
5.48,169.46,0
5.5,128.36,1
5.85,171.86,0
5.42,141.33,1
5.41,186.7,0
4.87,139.82,1
5.85,191.62,0
5.01,135.48,1
5.75,169.19,0
5.04,153.92,1
5.89,178.76,0
5.4,113.85,1
5.75,207.38,0
4.89,115.03,1
5.81,170.56,0
5.36,132.83,1
5.72,208.14,0
5.08,117.75,1
5.63,214.36,0
5.21,125.26,1
5.56,151.54,0
5.13,154.41,1
5.51,182.74,0
5.49,152.23,1
5.27,183.46,0
5.34,123.92,1
5.79,178.09,0
5.54,140.23,1
5.32,179.04,0
5.24,170.25,1
5.69,144.38,0
4.92,114.69,1
5.72,189.57,0
5.53,152.06,1
5.48,207.27,0
5.49,170.42,1
5.4,183.33,0
5.32,138.64,1
5.73,161.36,0
5.06,150.82,1
5.86,178.21,0
5.04,164.77,1
5.52,207.86,0
4.89,122.31,1
5.41,178.22,0
5.13,155.99,1
5.61,190.37,0
5.2,126.47,1
5.5,179.2,0
4.92,162.87,1
5.48,165.43,0
5.32,165.44,1
5.79,203.74,0
5.33,150.35,1
5.81,177.99,0
5.39,165.35,1
6.05,208.91,0
5.26,164.09,1
5.85,154.11,0
5.09,153.72,1
5.25,200.27,0
6.08,127.24,1
5.86,151.03,0
5.56,121.1,1
6.09,146.62,0
5.21,129.8,1
5.79,179.26,0
4.75,167.89,1
5.68,129.19,0
5.26,126.76,1
6.09,167.4,0
5.3,122.09,1
5.67,201.53,0
5.23,140.29,1
5.49,160.8,0
5.04,140.73,1
6.23,180.45,0
5.27,144.27,1
6.13,164.98,0
5.25,143.15,1
5.75,177.66,0
5.19,130.25,1
6.21,194.73,0
4.99,116.44,1
6.14,194.03,0
4.95,154.76,1
5.26,207.41,0
5.37,132.6,1
5.58,128.59,0
5.12,141.76,1
5.48,177.97,0
5.6,131.72,1
5.63,120.72,0
5.3,166.97,1
5.93,156.66,0
4.69,135.05,1
5.6,155.86,0
5.37,126.09,1
6.15,182.32,0
5.42,150.25,1
6.01,172.89,0
5.09,168.7,1
5.76,212.48,0
5.19,148.27,1
5.81,161.32,0
4.94,140.35,1
5.24,205.19,0
4.19,132.74,1
5.9,178.4,0
4.86,147.79,1
5.73,141.96,0
5.04,149.68,1
5.93,178.32,0
5.23,127.35,1
5.68,169.35,0
5.2,104.2,1
6.56,220.04,0
4.92,126.08,1
6.08,191.43,0
4.62,118.79,1
6.35,185.25,0
5.41,141.73,1
5.72,170.8,0
4.78,133.8,1
5.78,135.93,0
5.42,146.96,1
6.32,185.43,0
4.93,134.61,1
6.19,152.49,0
5.41,155.7,1
5.56,158.72,0
5.63,118.08,1
5.43,188.1,0
5.07,132.74,1
5.98,151.02,0
5.49,119.66,1
5.59,194.33,0
5.59,142.44,1
5.96,140.1,0
4.7,135.93,1
5.9,181.85,0
5.29,153.62,1
5.67,157.4,0
5.4,104.97,1
5.48,142.81,0
4.72,117.66,1
5.12,173.77,0
5.04,143.24,1
6.27,206.24,0
5.06,141.24,1
5.96,181.56,0
5.06,132.41,1
5.28,164.64,0
4.64,133.78,1
5.54,222.45,0
5.14,134.99,1
5.91,164.22,0
5.57,116.05,1
5.62,150.36,0
4.54,132.18,1
5.31,179.05,0
5.29,128.9,1
5.78,177.35,0
4.95,131.51,1
5.75,183.18,0
5.34,141.48,1
5.7,157.64,0
5.03,160.23,1
5.39,209.52,0
5.23,130.77,1
5.75,162.66,0
5.03,153.73,1
5.73,228.01,0
5.33,150.99,1
5.62,185.91,0
5.1,135.38,1
5.44,222.56,0
5.19,141.43,1
5.82,226.45,0
5.8,123.61,1
5.66,148.39,0
5.65,165.78,1
5.09,198.03,0
5.06,125.57,1
5.92,177.31,0
4.81,152.79,1
6.13,222.77,0
5.7,142.95,1
6.38,188.38,0
4.89,165.06,1
6.06,154.52,0
4.96,145.26,1
5.66,202.71,0
5.55,138.8,1
5.43,190.75,0
5.32,144.59,1
6.03,181.64,0
4.94,128.66,1
6.1,204.65,0
5.28,124.88,1
5.91,175.4,0
5.33,133.81,1
5.89,146.51,0
4.92,103.32,1
6.31,134.52,0
5.05,128.56,1
5.68,167.12,0
5.03,132.52,1
6.22,189.34,0
5.92,140.44,1
5.86,216.96,0
5.29,129.74,1
5.79,160.89,0
5.09,118.93,1
5.94,182.06,0
5.49,163.39,1
6.38,202.8,0
5.74,175.32,1
5.68,162.82,0
5.15,129.08,1
5.81,179.81,0
5.44,153.62,1
6.36,194.94,0
4.97,162.79,1
5.49,179.33,0
5.29,122.93,1
5.92,200.5,0
5.15,127.77,1
6.01,158.38,0
5.49,129.13,1
6.28,177.08,0
5.04,134.52,1
5.81,178.43,0
4.87,111.94,1
5.83,189.74,0
5.56,134.29,1
6.57,183.31,0
5.6,120.61,1
5.71,189.93,0
5.31,145.81,1
5.41,166.75,0
5.58,128.88,1
5.95,175.86,0
5.56,138.52,1
5.52,166.8,0
5.37,127.69,1
6.09,162.08,0
5.25,125.23,1
5.83,181.37,0
4.98,147.99,1
6.13,169.84,0
5.32,126.87,1
5.69,177.89,0
5.27,118.42,1
5.67,198.91,0
4.98,146.07,1
5.72,189.81,0
5.07,127.36,1
5.68,194.6,0
5.18,124.39,1
5.62,150.98,0
4.51,130.84,1
5.3,190.33,0
5.74,131.52,1
6.11,162.44,0
5.14,156.81,1
5.36,175.44,0
4.97,141.98,1
5.71,175.75,0
5.19,144.37,1
6.12,205.64,0
5.65,143.85,1
5.68,166.78,0
5.04,145.25,1
6.1,169.46,0
5.52,122.71,1
6.1,176.87,0
5.07,129.88,1
5.6,148.07,0
5.6,139.81,1
5.57,133.66,0
4.57,142.52,1
5.47,155.14,0
5.32,165.35,1
6.14,197.36,0
5.02,156.46,1
5.72,164.04,0
5.54,146.5,1
5.92,187.17,0
5.67,143.08,1
5.53,191.44,0
4.81,135.36,1
5.77,191.43,0
5.52,141.06,1
6.35,155.21,0
5.43,181.47,1
6.12,209.72,0
5.17,165.34,1
5.87,172.47,0
5.37,154.85,1
5.43,174.25,0
4.87,152.16,1
5.34,218.28,0
5.2,144.81,1
6.1,186.16,0
4.98,141.93,1
6.82,192.44,0
5.61,124.55,1
5.9,213.77,0
5.4,132.45,1
5.55,161.54,0
5.26,120.65,1
6.1,192.82,0
5.24,148.37,1
5.51,209.89,0
5.43,140.24,1
5.7,177.4,0
4.95,145.78,1
5.65,185.79,0
5.04,149.14,1
5.73,166.26,0
4.59,130.3,1
5.76,186.88,0
5.37,152.46,1
5.47,166.04,0
5.49,120.47,1
5.84,133.81,0
5.39,145.29,1
6.25,171.69,0
5.12,129.59,1
6.03,217.74,0
5.09,154.21,1
6.0,165.37,0
5.59,134.55,1
5.96,158.77,0
5.19,130.96,1
6.04,153.15,0
4.74,121.24,1
5.67,146.91,0
5.33,145.28,1
5.61,189.03,0
5.16,138.37,1
5.8,164.61,0
5.63,126.85,1
5.38,206.96,0
5.43,143.14,1
5.98,139.24,0
5.15,131.98,1
6.26,165.65,0
5.68,133.58,1
5.96,144.28,0
5.64,156.46,1
