5.95,160.18,0
5.31,140.82,1
6.3,183.82,0
4.65,140.36,1
6.08,148.87,0
5.36,152.57,1
5.95,149.47,0
5.28,147.19,1
6.23,158.32,0
5.44,138.48,1
5.68,221.68,0
5.77,133.48,1
6.1,178.54,0
5.44,146.03,1
6.26,139.03,0
5.3,141.72,1
5.65,174.48,0
4.55,148.53,1
6.29,154.18,0
5.45,122.07,1
5.97,147.46,0
4.73,118.35,1
6.32,179.43,0
5.39,122.85,1
5.63,169.41,0
5.23,151.0,1
5.73,207.34,0
5.46,133.09,1
6.25,163.54,0
5.05,139.49,1
6.15,163.57,0
4.95,121.22,1
5.72,189.74,0
5.58,132.1,1
6.1,155.53,0
4.68,129.2,1
5.28,154.61,0
5.25,144.95,1
5.28,199.79,0
4.95,155.09,1
5.86,188.79,0
4.96,145.0,1
5.13,196.95,0
5.69,160.22,1
5.49,185.33,0
4.83,150.04,1
5.91,191.46,0
5.3,120.51,1
5.85,166.16,0
5.08,145.38,1
5.55,189.11,0
5.59,124.78,1
5.58,144.55,0
5.73,146.35,1
5.75,168.13,0
5.12,128.96,1
5.75,159.3,0
4.98,140.74,1
5.86,182.68,0
5.55,123.0,1
5.67,177.91,0
5.44,131.02,1
6.33,156.25,0
5.05,130.3,1
5.4,177.71,0
5.41,149.96,1
5.77,141.75,0
5.56,132.09,1
6.12,167.44,0
5.01,138.63,1
5.64,193.95,0
5.78,175.36,1
6.3,232.63,0
4.99,126.34,1
6.18,158.16,0
4.81,138.78,1
5.64,209.3,0
4.91,140.69,1
5.76,178.34,0
5.02,135.98,1
5.68,195.37,0
5.05,118.59,1
6.2,194.97,0
5.18,122.53,1
6.04,162.76,0
5.31,113.46,1
5.83,188.81,0
4.87,136.91,1
6.29,151.12,0
4.92,131.12,1
6.2,183.23,0
4.85,127.91,1
5.88,166.0,0
5.13,112.22,1
6.18,191.42,0
4.97,134.91,1
6.07,205.14,0
5.16,127.51,1
6.26,183.75,0
4.65,139.38,1
6.33,172.48,0
5.18,144.08,1
5.84,167.19,0
4.97,155.03,1
6.4,188.3,0
4.45,115.16,1
5.44,165.18,0
5.19,151.83,1
5.5,202.85,0
5.99,152.62,1
6.24,178.58,0
5.54,128.87,1
6.04,158.61,0
4.69,160.92,1
5.35,170.84,0
5.57,159.5,1
5.86,196.33,0
5.61,128.52,1
5.96,181.06,0
5.26,147.2,1
5.64,159.83,0
5.19,145.58,1
6.31,202.37,0
4.99,142.67,1
5.68,149.48,0
4.69,138.49,1
6.06,167.53,0
5.24,120.66,1
6.14,154.12,0
5.14,159.38,1
5.5,180.21,0
5.57,162.59,1
5.92,168.54,0
5.06,169.25,1
6.01,171.69,0
5.27,145.39,1
5.87,158.08,0
5.02,135.42,1
6.1,191.0,0
4.86,155.67,1
5.77,197.25,0
5.04,128.73,1
5.84,186.71,0
5.21,148.72,1
6.37,196.12,0
5.43,159.66,1
6.0,190.94,0
5.34,127.59,1
6.1,189.35,0
5.12,134.47,1
5.68,211.77,0
5.25,141.19,1
5.81,188.02,0
5.33,136.97,1
5.63,149.81,0
5.31,123.74,1
5.61,154.62,0
5.29,143.9,1
5.35,169.16,0
4.5,141.76,1
5.99,166.57,0
5.87,141.53,1
5.69,159.3,0
5.54,140.49,1
6.05,164.59,0
5.21,149.38,1
6.25,177.05,0
4.94,138.64,1
6.28,172.28,0
4.89,137.91,1
5.8,152.87,0
4.93,136.7,1
4.99,178.77,0
4.9,142.14,1
6.15,165.39,0
5.04,155.7,1
5.65,184.93,0
4.98,147.4,1
5.69,174.8,0
5.14,142.44,1
5.99,184.06,0
5.57,152.61,1
5.48,233.15,0
4.15,127.24,1
5.79,166.68,0
5.59,139.06,1
6.41,141.0,0
5.12,142.83,1
5.7,183.46,0
5.27,157.55,1
5.71,161.77,0
4.57,139.75,1
5.7,147.9,0
5.58,121.86,1
5.92,215.79,0
4.84,163.42,1
6.41,180.02,0
5.24,156.01,1
6.1,178.33,0
4.94,128.47,1
6.08,193.01,0
5.18,124.36,1
5.49,168.5,0
5.38,150.97,1
5.64,168.14,0
5.07,149.42,1
6.08,166.75,0
4.97,137.6,1
5.75,146.73,0
5.54,124.64,1
5.89,170.1,0
5.56,139.67,1
5.79,222.9,0
5.24,124.88,1
5.43,209.52,0
5.04,138.91,1
5.93,156.49,0
5.63,132.54,1
5.37,150.63,0
5.96,162.56,1
5.76,169.01,0
5.74,156.21,1
5.7,145.39,0
4.78,156.8,1
5.24,167.95,0
4.95,174.37,1
5.83,189.73,0
5.56,137.6,1
5.45,197.38,0
4.67,139.45,1
5.83,179.85,0
5.05,148.49,1
5.56,168.25,0
5.64,126.72,1
6.21,164.79,0
4.94,133.9,1
5.5,186.61,0
5.09,128.43,1
5.82,183.83,0
5.56,129.52,1
6.52,174.21,0
4.98,153.56,1
5.77,173.39,0
5.48,129.8,1
5.69,173.53,0
5.18,96.65,1
6.15,184.14,0
4.94,139.02,1
5.78,145.82,0
4.72,133.46,1
5.86,181.6,0
5.84,123.93,1
5.88,159.67,0
5.41,136.78,1
5.89,157.19,0
5.35,138.26,1
5.53,179.82,0
5.12,149.81,1
5.54,174.51,0
5.48,143.53,1
5.52,161.06,0
5.1,131.08,1
5.6,168.65,0
5.13,131.77,1
5.57,163.04,0
5.95,138.26,1
5.72,162.16,0
5.54,149.54,1
5.23,171.85,0
4.9,127.54,1
5.64,167.11,0
5.49,131.48,1
6.19,178.82,0
5.16,120.76,1
5.3,162.11,0
5.17,155.4,1
5.74,150.91,0
5.07,140.13,1
6.14,160.45,0
5.35,144.03,1
5.45,195.69,0
4.63,147.92,1
5.93,162.38,0
4.97,126.86,1
5.64,135.69,0
5.27,150.21,1
5.71,143.75,0
5.23,152.45,1
5.5,209.72,0
4.94,126.03,1
5.87,168.65,0
5.26,127.68,1
6.78,189.35,0
5.37,113.21,1
5.73,189.6,0
5.55,143.47,1
5.62,179.32,0
5.29,119.3,1
5.39,211.39,0
5.3,131.75,1
5.66,176.42,0
5.52,96.96,1
5.42,186.61,0
5.39,129.2,1
5.48,154.16,0
4.91,136.65,1
6.26,206.35,0
4.9,151.6,1
5.71,153.88,0
4.65,135.46,1
5.61,184.56,0
4.97,142.36,1
5.4,172.65,0
4.91,160.9,1
5.58,160.48,0
5.27,134.31,1
5.57,127.01,0
5.38,154.16,1
6.44,169.84,0
5.3,145.3,1
5.79,154.49,0
5.25,140.41,1
5.65,198.18,0
5.22,131.05,1
5.76,201.01,0
4.83,125.32,1
5.91,198.36,0
4.87,133.37,1
5.88,143.83,0
4.94,134.66,1
5.59,188.91,0
4.86,163.73,1
5.59,121.61,0
5.31,160.57,1
5.82,163.45,0
4.82,147.8,1
5.81,156.8,0
5.25,145.96,1
5.64,155.87,0
5.49,150.15,1
5.99,161.71,0
5.5,122.06,1
6.19,154.35,0
5.21,141.92,1
5.56,219.04,0
5.13,146.72,1
6.16,208.82,0
5.36,153.03,1
5.96,178.37,0
5.22,143.55,1
6.21,191.75,0
5.0,125.98,1
5.9,218.03,0
5.13,126.73,1
5.79,215.82,0
5.08,135.94,1
5.59,181.56,0
4.94,141.01,1
6.21,175.22,0
5.75,134.16,1
6.22,151.9,0
5.33,158.25,1
5.52,159.83,0
5.1,165.46,1
5.64,191.86,0
4.76,144.32,1
6.11,165.99,0
5.65,141.18,1
5.7,211.06,0
4.83,141.62,1
5.59,187.77,0
5.01,124.08,1
5.66,180.95,0
4.69,126.85,1
5.69,204.57,0
5.77,160.27,1
5.72,171.36,0
5.29,134.31,1
5.83,167.63,0
5.42,148.59,1
5.57,179.18,0
5.17,146.34,1
5.7,184.06,0
4.74,144.5,1
5.95,163.48,0
5.51,130.34,1
5.96,175.22,0
5.19,137.97,1
5.97,187.78,0
5.04,141.01,1
5.75,194.08,0
5.38,129.22,1
6.12,193.03,0
4.98,152.44,1
5.23,139.15,0
5.53,131.31,1
5.93,184.22,0
5.28,117.91,1
5.93,176.98,0
5.17,174.13,1
5.76,145.78,0
4.77,148.97,1
5.91,173.81,0
5.3,138.25,1
5.57,165.52,0
5.62,125.29,1
6.34,152.7,0
5.86,135.88,1
5.94,183.19,0
5.39,151.79,1
6.2,200.09,0
5.12,128.08,1
5.6,161.79,0
5.2,142.96,1
5.31,183.97,0
5.24,122.75,1
5.39,216.47,0
5.71,155.71,1
6.2,114.16,0
5.02,129.57,1
5.5,185.44,0
5.16,135.65,1
5.2,160.26,0
5.6,137.84,1
5.9,148.63,0
5.45,141.96,1
6.06,195.74,0
5.53,131.66,1
6.02,182.01,0
5.17,138.96,1
5.87,141.66,0
4.73,129.88,1
5.73,172.1,0
4.55,105.88,1
5.25,153.66,0
5.25,129.19,1
5.87,194.48,0
5.41,132.91,1
5.46,201.17,0
5.06,149.74,1
5.99,151.72,0
5.26,130.25,1
5.72,180.52,0
5.33,130.01,1
5.52,220.7,0
5.13,139.64,1
5.84,185.49,0
5.51,134.03,1
5.85,142.83,0
5.43,124.83,1
5.87,188.7,0
5.42,148.37,1
5.57,157.31,0
5.73,146.6,1
5.97,183.38,0
5.68,137.67,1
5.92,166.27,0
5.65,128.19,1
5.6,164.45,0
4.95,143.86,1
6.42,189.38,0
5.48,161.76,1
5.97,204.81,0
4.75,175.33,1
6.1,208.69,0
5.32,155.02,1
6.36,203.21,0
5.08,173.65,1
5.37,210.7,0
5.28,133.86,1
5.82,184.84,0
5.65,143.29,1
6.14,174.48,0
5.49,148.38,1
6.38,165.7,0
5.08,130.71,1
5.4,187.92,0
5.16,162.08,1
5.89,221.91,0
4.95,178.18,1
5.62,172.84,0
5.05,135.77,1
5.62,209.04,0
5.53,139.39,1
6.07,142.14,0
5.35,141.4,1
5.59,156.95,0
4.93,152.99,1
5.84,156.94,0
5.39,127.3,1
5.96,191.13,0
4.82,122.94,1
5.83,192.14,0
4.88,151.27,1
6.0,147.22,0
5.18,133.77,1
5.78,184.1,0
5.43,131.65,1
6.11,178.28,0
5.2,102.95,1
5.99,172.91,0
5.26,134.22,1
5.63,151.38,0
5.2,170.04,1
5.91,173.27,0
4.59,157.14,1
6.12,177.36,0
5.43,140.52,1
5.44,163.17,0
5.08,162.15,1
5.8,145.04,0
5.19,126.95,1
5.51,181.31,0
5.45,146.23,1
6.23,134.12,0
5.09,149.73,1
6.12,170.22,0
4.73,143.88,1
6.1,184.52,0
5.18,134.66,1
5.81,223.46,0
4.93,105.6,1
6.25,145.78,0
5.03,142.04,1
5.62,184.73,0
5.41,134.92,1
5.63,171.0,0
5.58,144.56,1
5.88,188.64,0
5.31,139.35,1
6.37,180.16,0
5.04,162.43,1
5.6,155.0,0
5.36,165.39,1
6.13,189.62,0
5.22,151.02,1
5.72,176.74,0
5.35,150.72,1
6.29,178.03,0
5.02,152.68,1
5.51,141.94,0
4.97,129.35,1
5.93,175.19,0
5.8,130.41,1
5.71,177.46,0
5.74,149.48,1
5.71,192.83,0
5.44,154.08,1
5.78,154.65,0
5.31,142.1,1
5.66,161.93,0
5.04,131.01,1
6.23,176.24,0
5.15,147.09,1
6.0,161.94,0
4.88,134.17,1
5.58,178.78,0
5.36,139.87,1
5.39,211.91,0
5.18,137.16,1
5.9,214.36,0
5.19,142.19,1
5.81,179.56,0
5.27,145.94,1
5.81,170.94,0
5.02,164.71,1
5.61,208.91,0
5.18,118.28,1
5.49,161.12,0
4.82,120.4,1
5.71,184.24,0
5.3,134.63,1
5.56,225.26,0
5.32,151.28,1
5.98,165.3,0
5.44,175.65,1
5.67,154.11,0
5.44,137.94,1
6.22,150.02,0
4.99,131.44,1
6.1,180.68,0
5.41,141.17,1
6.02,189.77,0
5.21,144.08,1
6.02,186.1,0
4.91,130.26,1
6.15,152.48,0
4.85,123.04,1
6.05,190.92,0
4.79,162.32,1
5.69,176.23,0
5.2,137.93,1
5.35,161.69,0
5.15,144.58,1
5.3,158.11,0
5.21,127.17,1
5.92,178.52,0
4.62,135.72,1
6.23,212.98,0
5.35,144.98,1
6.16,154.46,0
4.94,142.43,1
5.77,183.18,0
5.78,117.12,1
5.82,189.91,0
5.96,149.4,1
5.68,196.42,0
5.51,146.26,1
6.14,185.35,0
5.08,136.29,1
6.05,193.21,0
5.9,151.83,1
5.93,166.02,0
4.66,132.71,1
5.91,176.8,0
5.39,174.57,1
6.05,173.45,0
5.03,151.42,1
5.75,173.22,0
4.82,120.59,1
6.37,143.94,0
4.82,116.91,1
6.29,187.03,0
5.19,132.31,1
5.46,173.23,0
5.74,151.8,1
5.63,186.31,0
4.92,125.98,1
5.03,165.42,0
4.79,141.98,1
5.83,180.12,0
5.48,123.57,1
5.75,159.25,0
4.92,146.92,1
5.28,140.33,0
5.04,143.84,1
5.92,160.12,0
5.04,151.52,1
5.81,220.7,0
5.05,112.36,1
5.74,177.9,0
5.53,143.37,1
5.91,180.01,0
5.01,134.0,1
6.29,201.53,0
5.59,143.5,1
5.21,190.52,0
4.84,146.71,1
5.55,177.04,0
4.84,126.29,1
5.85,192.88,0
5.45,151.97,1
5.95,190.58,0
5.06,152.87,1
6.34,193.5,0
5.29,99.37,1
5.99,194.03,0
5.55,142.2,1
6.17,183.87,0
4.47,155.31,1
5.85,152.82,0
5.46,156.87,1
5.45,208.53,0
4.72,148.7,1
6.21,156.1,0
4.52,169.46,1
5.62,186.7,0
4.43,150.78,1
6.06,196.78,0
4.75,114.19,1
6.06,183.27,0
5.67,156.66,1
6.29,152.48,0
5.46,114.48,1
6.09,163.55,0
5.3,150.21,1
6.11,157.03,0
5.09,137.25,1
6.37,175.01,0
5.42,168.27,1
6.28,150.44,0
4.96,121.29,1
6.02,186.35,0
4.88,146.28,1
6.17,155.02,0
5.18,158.11,1
5.27,211.46,0
5.02,139.51,1
5.78,149.16,0
5.14,137.57,1
5.28,156.89,0
5.55,143.42,1
5.49,191.83,0
5.5,137.1,1
5.32,188.38,0
5.23,149.58,1
5.62,207.35,0
5.3,144.76,1
5.98,204.92,0
5.93,125.06,1
6.19,156.39,0
5.04,148.92,1
5.32,136.42,0
5.33,134.13,1
5.46,165.24,0
5.42,150.38,1
6.11,177.24,0
5.27,129.4,1
5.77,212.69,0
5.65,136.27,1
5.98,193.06,0
5.5,145.15,1
6.36,169.14,0
4.61,127.61,1
6.25,182.04,0
5.33,130.27,1
5.61,192.75,0
5.68,167.53,1
6.02,184.72,0
5.52,141.75,1
5.51,163.34,0
5.46,122.7,1
6.43,157.94,0
5.38,125.3,1
5.56,170.94,0
5.31,147.33,1
5.15,196.22,0
6.07,126.18,1
5.59,206.16,0
5.68,164.62,1
5.7,188.89,0
5.67,136.95,1
5.69,158.25,0
5.3,112.98,1
5.9,149.89,0
4.9,131.23,1
5.82,148.51,0
5.05,166.51,1
5.79,150.47,0
5.67,122.96,1
5.8,196.74,0
5.7,140.64,1
5.65,154.21,0
4.79,134.91,1
5.67,150.36,0
4.99,138.66,1
6.03,140.46,0
5.36,131.7,1
5.29,157.3,0
5.5,130.15,1
4.89,189.09,0
5.13,158.43,1
6.36,169.28,0
5.44,141.9,1
5.81,189.93,0
5.48,135.02,1
5.63,205.15,0
5.23,151.61,1
6.34,191.45,0
4.97,155.37,1
6.08,165.28,0
5.69,128.96,1
6.38,142.33,0
4.81,150.03,1
5.96,179.47,0
5.69,131.23,1
5.72,156.66,0
5.01,132.82,1
5.7,191.58,0
4.92,146.68,1
5.42,158.16,0
5.22,140.28,1
5.42,214.47,0
5.79,122.57,1
5.91,177.59,0
5.71,139.23,1
5.53,203.2,0
5.66,132.85,1
5.81,150.2,0
4.78,133.92,1
5.87,183.5,0
4.92,165.39,1
5.93,180.88,0
5.27,140.04,1
5.28,202.37,0
4.91,157.57,1
6.12,100.18,0
4.96,129.13,1
6.22,193.24,0
4.49,143.44,1
5.92,157.37,0
5.13,137.89,1
5.85,151.66,0
5.48,119.93,1
6.16,165.94,0
5.57,120.27,1
6.43,132.28,0
5.05,122.12,1
6.09,178.56,0
4.96,112.45,1
5.62,184.91,0
5.45,138.3,1
6.68,190.7,0
5.31,124.96,1
6.14,200.69,0
5.12,180.53,1
5.65,182.67,0
5.69,158.48,1
5.96,162.03,0
5.18,121.65,1
5.91,177.44,0
4.92,121.59,1
5.52,174.26,0
5.24,130.38,1
5.75,179.58,0
5.29,136.54,1
6.49,167.41,0
5.44,161.54,1
5.86,154.8,0
4.63,138.2,1
5.82,198.6,0
4.79,162.66,1
5.7,151.48,0
4.77,125.33,1
6.38,159.96,0
5.32,159.35,1
5.13,162.25,0
5.12,136.85,1
6.0,160.84,0
5.0,148.98,1
5.8,199.29,0
5.7,140.12,1
5.67,155.08,0
5.65,159.17,1
5.59,168.13,0
5.04,150.05,1
5.43,178.51,0
5.4,139.2,1
5.74,195.69,0
5.52,163.73,1
6.52,200.96,0
5.21,126.63,1
5.4,145.21,0
5.37,146.38,1
5.76,199.45,0
5.53,128.08,1
6.18,200.53,0
4.99,131.42,1
5.52,193.88,0
5.04,159.23,1
5.75,197.77,0
5.55,147.33,1
5.67,170.98,0
5.09,135.8,1
5.19,154.37,0
5.35,148.28,1
5.72,196.7,0
4.56,153.96,1
5.95,193.71,0
5.67,146.85,1
5.87,185.18,0
5.41,167.69,1
5.55,199.5,0
4.9,132.09,1
5.57,172.0,0
5.5,139.67,1
5.61,223.56,0
5.18,127.02,1
5.33,135.4,0
5.21,123.47,1
6.05,223.42,0
5.58,138.38,1
5.91,160.99,0
5.26,141.8,1
5.6,182.39,0
5.53,123.48,1
6.05,162.46,0
5.57,172.84,1
6.27,206.35,0
5.03,142.31,1
6.27,206.27,0
5.56,132.1,1
5.93,186.37,0
5.8,149.97,1
5.52,177.06,0
5.16,147.97,1
6.11,192.24,0
5.09,144.43,1
5.69,173.02,0
5.25,143.92,1
5.93,147.24,0
5.64,146.95,1
5.74,181.4,0
5.11,119.9,1
5.61,178.28,0
5.02,146.73,1
6.06,170.9,0
4.93,157.49,1
6.04,199.58,0
5.43,149.82,1
5.28,155.36,0
4.74,143.45,1
6.17,183.1,0
5.38,146.99,1
5.92,138.94,0
5.02,118.81,1
6.05,196.93,0
5.34,111.82,1
5.46,184.7,0
4.88,116.21,1
5.81,184.07,0
5.47,141.96,1
5.78,178.32,0
5.24,157.84,1
5.6,181.24,0
4.8,150.62,1
6.03,145.38,0
5.3,132.94,1
5.98,169.41,0
5.22,162.36,1
5.88,156.42,0
5.77,121.13,1
6.02,184.51,0
5.53,163.72,1
6.06,193.28,0
5.68,141.95,1
5.71,148.34,0
4.7,109.25,1
5.48,152.06,0
4.96,156.91,1
6.18,181.78,0
5.49,138.3,1
5.29,201.12,0
4.81,161.12,1
6.71,195.99,0
4.84,140.08,1
5.63,154.58,0
5.22,174.2,1
5.78,172.52,0
5.64,152.14,1
6.23,184.84,0
5.01,124.69,1
5.67,171.5,0
5.22,141.72,1
5.88,201.53,0
4.53,118.33,1
4.97,199.86,0
5.4,129.14,1
6.18,161.42,0
5.57,144.86,1
5.6,186.81,0
4.74,154.77,1
5.99,178.39,0
4.91,125.16,1
6.03,191.69,0
5.61,123.63,1
5.44,172.79,0
4.97,147.78,1
6.01,198.26,0
4.94,142.86,1
6.0,152.29,0
5.04,158.15,1
5.98,189.95,0
5.12,129.11,1
6.04,226.37,0
4.97,160.45,1
5.6,139.83,0
5.4,143.16,1
5.19,172.21,0
5.52,144.48,1
5.94,152.79,0
4.86,125.83,1
5.78,154.41,0
5.12,135.91,1
5.85,195.16,0
5.33,115.45,1
5.91,160.18,0
4.9,137.05,1
6.26,155.94,0
5.66,99.86,1
5.75,147.2,0
5.11,123.68,1
5.86,106.44,0
4.85,136.08,1
6.3,169.52,0
5.36,123.98,1
5.64,159.73,0
5.05,142.22,1
5.99,200.15,0
5.19,114.2,1
5.56,169.91,0
5.29,138.04,1
6.01,183.19,0
5.2,170.13,1
5.88,166.4,0
5.31,163.14,1
5.52,178.56,0
5.52,140.57,1
5.8,174.0,0
5.39,156.26,1
5.82,160.29,0
5.05,127.42,1
5.5,140.86,0
4.73,102.66,1
5.57,186.39,0
5.4,132.56,1
5.82,177.11,0
5.23,119.71,1
6.26,179.3,0
5.17,143.01,1
6.18,173.5,0
5.1,167.69,1
5.64,165.1,0
5.31,128.6,1
5.41,169.82,0
4.95,121.1,1
6.0,165.8,0
5.35,129.48,1
5.13,194.28,0
5.3,135.28,1
5.77,211.85,0
5.19,129.5,1
5.61,179.83,0
5.04,146.1,1
5.4,188.03,0
5.7,129.48,1
5.56,188.5,0
4.56,152.55,1
5.88,140.07,0
5.57,145.53,1
6.27,154.06,0
5.49,145.89,1
6.22,178.57,0
5.19,160.71,1
6.0,150.66,0
5.0,145.77,1
6.66,163.72,0
5.61,157.94,1
5.95,201.06,0
4.91,145.96,1
5.82,195.98,0
5.5,130.2,1
6.06,191.17,0
5.63,149.93,1
5.38,215.35,0
4.97,134.32,1
5.89,175.41,0
5.39,143.66,1
5.89,137.87,0
5.61,114.74,1
5.74,149.1,0
5.16,145.21,1
5.38,185.49,0
6.14,151.7,1
5.18,180.02,0
5.36,136.74,1
5.27,106.48,0
4.94,167.01,1
5.65,169.88,0
4.91,134.98,1
5.63,165.88,0
5.44,106.85,1
5.51,195.35,0
5.13,147.62,1
6.02,141.13,0
5.54,133.38,1
5.88,176.67,0
5.43,126.38,1
5.23,163.71,0
5.1,121.22,1
6.38,177.24,0
4.8,150.08,1
5.43,142.91,0
5.15,147.15,1
5.83,173.57,0
4.93,142.84,1
5.63,180.94,0
5.06,137.98,1
5.93,168.75,0
5.07,143.45,1
5.3,153.8,0
5.27,143.38,1
5.6,143.6,0
5.42,122.92,1
5.89,196.99,0
5.28,142.98,1
5.02,123.29,0
5.26,124.86,1
5.5,171.16,0
5.85,123.72,1
5.28,198.99,0
5.58,164.79,1
5.81,175.66,0
5.22,129.09,1
5.66,158.84,0
4.97,158.68,1
5.82,178.7,0
5.27,138.26,1
6.17,194.88,0
5.15,134.43,1
5.54,171.59,0
5.66,137.42,1
5.58,159.71,0
5.56,137.26,1
5.97,213.42,0
4.61,140.63,1
5.76,142.29,0
4.61,147.5,1
5.86,187.46,0
5.23,144.39,1
6.32,150.6,0
5.35,131.85,1
6.13,187.14,0
5.6,153.71,1
5.95,194.76,0
4.83,147.19,1
6.14,155.9,0
4.97,149.81,1
5.46,160.5,0
4.68,166.19,1
5.63,154.52,0
5.02,119.45,1
5.03,182.39,0
4.93,152.29,1
5.71,176.87,0
4.85,140.78,1
6.11,162.11,0
5.71,128.86,1
5.93,199.61,0
4.91,147.03,1
5.59,199.52,0
5.19,108.77,1
5.74,208.82,0
5.1,158.25,1
5.75,131.32,0
5.53,135.55,1
5.82,150.64,0
5.3,134.02,1
5.57,176.79,0
5.25,136.96,1
5.7,177.06,0
4.97,124.42,1
6.61,173.62,0
5.78,140.05,1
5.67,187.72,0
4.66,131.69,1
5.96,158.97,0
5.26,122.03,1
6.25,207.64,0
4.68,147.1,1
5.89,174.96,0
5.5,141.51,1
5.24,163.24,0
5.26,138.65,1
5.84,150.94,0
5.34,161.57,1
6.17,169.57,0
4.83,112.18,1
5.07,162.42,0
4.61,159.71,1
5.67,166.14,0
4.98,150.32,1
6.16,164.13,0
5.54,130.79,1
4.89,203.06,0
5.08,147.41,1
5.9,145.76,0
5.14,144.03,1
6.16,157.5,0
5.02,120.82,1
5.79,196.52,0
5.22,155.47,1
5.74,192.21,0
5.07,142.8,1
5.7,183.58,0
5.09,129.13,1
5.26,187.85,0
5.74,134.01,1
5.96,122.9,0
5.54,121.27,1
5.73,158.16,0
5.61,142.52,1
5.64,196.1,0
5.06,140.14,1
6.28,128.89,0
5.14,125.47,1
6.02,143.29,0
5.26,122.44,1
5.67,186.28,0
4.77,146.03,1
5.87,164.75,0
5.91,152.68,1
5.74,142.56,0
5.43,135.55,1
5.71,193.86,0
5.4,139.13,1
5.89,175.15,0
5.3,155.07,1
6.25,143.7,0
5.21,116.65,1
5.64,189.86,0
5.3,145.02,1
6.1,156.31,0
5.02,142.8,1
5.44,183.31,0
5.06,155.13,1
5.9,183.57,0
5.28,139.41,1
5.74,157.34,0
5.46,171.22,1
5.88,230.69,0
5.18,141.79,1
5.73,177.49,0
5.51,129.74,1
5.71,142.46,0
5.31,137.47,1
5.32,232.74,0
5.06,117.96,1
6.04,143.12,0
5.28,152.52,1
5.37,212.14,0
4.76,114.79,1
5.53,175.4,0
5.4,127.53,1
5.82,197.81,0
5.83,156.96,1
5.75,194.24,0
5.32,152.35,1
6.0,181.37,0
5.16,133.51,1
6.08,176.91,0
5.75,108.71,1
5.44,176.53,0
5.01,136.82,1
5.71,175.66,0
5.19,121.35,1
5.78,145.92,0
5.48,152.75,1
5.91,185.74,0
4.67,139.92,1
5.96,177.82,0
5.3,130.12,1
5.74,179.37,0
4.78,145.61,1
6.3,184.14,0
5.0,146.51,1
6.25,154.64,0
5.27,155.46,1
5.65,205.11,0
5.02,150.96,1
6.02,188.34,0
4.93,165.45,1
5.31,172.0,0
5.07,132.4,1
5.74,161.99,0
4.88,132.92,1
5.76,137.7,0
5.13,129.75,1
5.7,192.93,0
4.89,146.35,1
6.14,190.01,0
5.59,144.31,1
5.68,144.6,0
5.45,152.44,1
5.28,201.92,0
5.69,137.75,1
5.48,173.69,0
5.11,163.07,1
5.81,206.67,0
5.48,143.85,1
6.33,173.4,0
5.47,148.76,1
5.71,195.25,0
5.0,137.28,1
5.8,195.28,0
5.0,136.63,1
6.28,163.84,0
5.32,149.14,1
5.25,201.94,0
5.14,146.4,1
6.13,173.07,0
5.08,114.64,1
5.99,188.15,0
5.52,115.83,1
5.9,203.84,0
5.28,131.55,1
5.64,182.29,0
5.13,161.63,1
5.94,144.78,0
5.64,138.98,1
6.2,172.12,0
4.39,143.65,1
5.78,207.02,0
5.08,162.78,1
6.25,153.41,0
5.19,160.42,1
6.0,137.93,0
5.0,136.55,1
5.66,168.48,0
5.38,140.27,1
6.08,184.75,0
5.4,140.01,1
5.54,168.24,0
5.28,152.35,1
5.91,148.29,0
5.49,171.56,1
6.43,174.32,0
5.96,116.6,1
5.59,193.92,0
4.9,101.26,1
5.88,162.75,0
5.02,136.11,1
5.87,176.16,0
5.0,130.13,1
5.17,194.77,0
5.64,154.92,1
5.64,186.75,0
5.48,120.73,1
5.4,185.83,0
4.88,148.6,1
5.9,162.23,0
4.94,134.39,1
6.16,215.73,0
5.56,162.55,1
5.33,182.41,0
4.97,145.2,1
5.81,155.4,0
5.4,118.05,1
5.64,208.92,0
5.31,134.28,1
5.73,189.88,0
5.79,158.86,1
5.69,170.04,0
5.35,141.73,1
6.1,194.58,0
5.44,119.7,1
5.86,164.33,0
5.24,132.12,1
5.65,190.75,0
5.24,173.38,1
5.42,173.82,0
4.77,158.55,1
5.68,189.01,0
4.89,143.58,1
5.9,129.97,0
5.19,151.87,1
5.97,169.66,0
5.17,140.83,1
5.59,209.83,0
5.07,163.7,1
5.84,197.63,0
5.1,124.11,1
6.04,166.52,0
5.4,142.75,1
5.62,172.65,0
4.54,165.97,1
5.77,149.34,0
5.23,140.47,1
6.26,189.08,0
5.23,95.31,1
5.09,141.84,0
5.6,153.89,1
6.33,223.41,0
5.1,169.64,1
5.82,207.7,0
5.19,112.25,1
5.92,150.6,0
5.15,138.79,1
5.62,155.94,0
5.54,136.95,1
5.67,177.98,0
5.4,129.05,1
5.94,163.15,0
5.1,177.19,1
6.14,203.25,0
5.13,155.32,1
5.61,157.7,0
5.22,147.22,1
5.76,134.72,0
4.97,113.66,1
5.23,169.73,0
4.63,128.78,1
5.77,160.59,0
4.88,173.37,1
5.89,205.26,0
5.17,140.17,1
6.42,201.55,0
5.6,170.94,1
5.51,186.05,0
5.36,138.3,1
5.53,146.9,0
5.32,139.73,1
5.91,185.05,0
5.5,133.54,1
5.86,153.69,0
5.22,127.08,1
4.87,164.18,0
5.72,140.8,1
5.58,184.79,0
4.98,133.42,1
6.3,161.71,0
4.48,148.17,1
6.03,145.18,0
5.32,132.7,1
6.12,153.51,0
4.91,151.5,1
6.32,192.03,0
5.09,137.43,1
5.79,182.54,0
5.35,147.52,1
5.73,155.21,0
4.72,137.2,1
5.87,154.86,0
4.92,137.05,1
6.08,201.28,0
5.52,145.59,1
5.84,164.44,0
5.33,149.93,1
6.22,139.79,0
5.01,145.62,1
5.72,181.35,0
5.02,166.16,1
5.35,167.2,0
5.41,114.83,1
5.69,160.08,0
5.37,121.35,1
5.46,191.68,0
5.16,150.95,1
6.3,157.75,0
5.69,150.15,1
6.07,180.14,0
5.43,140.52,1
5.88,183.64,0
4.93,126.76,1
5.44,181.86,0
5.23,126.43,1
5.72,177.01,0
5.47,178.77,1
5.83,154.39,0
4.61,146.13,1
6.41,187.51,0
4.48,158.94,1
5.94,173.04,0
5.42,128.48,1
5.52,175.12,0
5.03,142.84,1
5.66,183.57,0
5.09,130.36,1
5.53,184.32,0
5.44,130.43,1
6.1,202.58,0
5.02,149.15,1
5.2,172.45,0
5.07,148.62,1
5.63,198.62,0
5.66,155.82,1
5.48,215.91,0
5.49,137.64,1
5.49,191.42,0
5.59,157.27,1
5.75,196.77,0
5.54,131.77,1
5.85,134.25,0
5.2,102.42,1
6.13,169.47,0
4.99,130.62,1
5.84,163.6,0
4.71,162.9,1
5.59,194.84,0
5.15,146.16,1
6.39,196.38,0
4.72,135.36,1
5.89,182.0,0
5.14,148.96,1
6.36,202.45,0
5.38,141.52,1
5.85,173.14,0
5.32,147.56,1
6.24,175.93,0
5.22,128.21,1
5.59,165.75,0
4.78,172.49,1
5.93,187.88,0
5.29,131.54,1
6.07,184.15,0
4.8,117.41,1
5.56,139.94,0
5.16,138.08,1
5.96,167.84,0
4.76,187.19,1
6.13,198.28,0
4.74,155.63,1
5.86,177.64,0
5.51,163.44,1
5.43,197.34,0
5.07,150.21,1
6.21,223.62,0
4.93,136.99,1
5.67,155.71,0
4.84,120.84,1
6.28,215.23,0
5.24,141.28,1
5.43,173.42,0
5.29,133.08,1
5.55,156.06,0
5.43,147.17,1
5.68,182.96,0
5.53,137.5,1
5.02,170.14,0
4.64,131.22,1
6.34,170.9,0
4.99,139.25,1
5.68,164.6,0
5.33,133.28,1
5.48,155.32,0
5.29,134.4,1
5.73,148.07,0
4.88,124.02,1
5.56,164.72,0
5.59,136.01,1
5.5,199.87,0
5.04,150.03,1
6.49,189.41,0
5.25,152.02,1
5.24,153.41,0
5.42,147.97,1
6.0,173.11,0
5.55,140.08,1
6.36,191.91,0
5.15,153.12,1
6.12,178.57,0
5.64,168.0,1
5.85,132.7,0
5.78,166.76,1
5.37,206.46,0
5.1,152.07,1
6.36,149.1,0
5.69,142.87,1
6.36,176.13,0
4.95,140.45,1
5.94,166.33,0
4.33,160.6,1
5.91,206.22,0
4.95,125.88,1
5.83,170.08,0
5.63,143.28,1
5.55,162.94,0
5.33,147.42,1
5.62,196.59,0
5.32,145.88,1
5.27,194.89,0
5.03,126.26,1
6.11,174.15,0
5.94,146.39,1
5.8,200.18,0
5.61,132.48,1
6.0,192.18,0
5.11,131.07,1
6.15,195.06,0
4.83,150.34,1
5.89,198.51,0
4.9,138.46,1
5.61,137.57,0
5.25,161.32,1
6.25,210.46,0
5.64,140.14,1
5.89,177.15,0
5.33,130.83,1
5.67,167.59,0
5.5,160.1,1
5.13,157.69,0
5.43,125.73,1
5.81,232.61,0
5.77,153.68,1
5.59,159.49,0
5.59,133.72,1
6.24,150.9,0
5.04,165.42,1
5.98,172.19,0
5.25,136.99,1
6.17,155.35,0
6.02,156.24,1
5.19,185.07,0
5.49,153.57,1
5.57,184.79,0
4.67,165.83,1
5.72,143.25,0
5.02,118.55,1
5.45,149.55,0
5.21,141.63,1
4.92,165.32,0
5.03,128.68,1
5.74,185.7,0
5.36,118.75,1
5.42,202.34,0
5.41,132.59,1
5.58,210.19,0
5.22,107.49,1
5.64,158.99,0
5.81,160.79,1
6.47,169.17,0
5.06,142.08,1
6.26,153.3,0
4.82,149.26,1
5.8,215.94,0
5.32,146.95,1
5.64,132.75,0
5.5,160.99,1
5.97,168.78,0
5.7,132.81,1
5.43,158.82,0
5.16,149.37,1
6.07,212.81,0
4.83,136.42,1
5.95,178.5,0
5.78,145.91,1
5.93,207.83,0
5.4,158.14,1
6.07,169.4,0
5.14,148.18,1
5.75,179.31,0
5.42,155.64,1
5.57,182.24,0
5.08,137.26,1
5.78,186.49,0
5.9,171.29,1
6.08,186.62,0
5.03,109.86,1
5.61,148.22,0
5.06,136.31,1
6.41,167.59,0
5.39,165.96,1
6.0,202.7,0
4.7,139.82,1
5.28,158.93,0
4.84,173.05,1
5.67,180.07,0
5.34,132.59,1
5.62,186.75,0
4.89,111.18,1
5.54,177.74,0
5.19,170.76,1
6.32,200.67,0
5.61,142.25,1
5.76,144.81,0
5.0,150.83,1
6.1,165.49,0
5.14,114.05,1
6.01,193.05,0
5.33,125.6,1
5.81,174.57,0
5.33,139.53,1
5.48,211.8,0
5.26,125.56,1
5.06,199.82,0
5.45,126.66,1
6.01,191.79,0
5.29,136.04,1
5.13,186.9,0
5.42,154.59,1
5.23,186.16,0
5.16,127.65,1
6.08,169.17,0
5.06,117.08,1
6.05,176.12,0
5.37,143.24,1
5.74,169.51,0
5.17,101.93,1
6.6,178.18,0
5.48,165.29,1
5.52,194.77,0
5.16,140.34,1
5.53,168.03,0
5.4,115.62,1
5.85,173.45,0
5.36,154.51,1
6.08,206.32,0
5.81,164.41,1
6.15,152.99,0
5.52,152.96,1
5.59,167.79,0
5.42,148.9,1
5.49,162.61,0
5.29,141.4,1
5.36,186.81,0
5.45,162.83,1
5.62,178.18,0
5.57,150.45,1
5.31,158.47,0
5.31,139.81,1
5.5,183.82,0
4.7,153.61,1
5.79,177.5,0
5.41,126.52,1
5.3,190.88,0
5.62,152.26,1
6.38,161.99,0
5.21,161.85,1
5.93,175.32,0
5.22,146.12,1
5.42,155.95,0
5.03,132.63,1
6.13,164.34,0
5.31,149.68,1
5.48,196.89,0
5.33,155.95,1
5.46,178.31,0
5.4,133.08,1
5.57,178.07,0
5.29,145.73,1
5.89,152.32,0
5.33,134.41,1
5.94,152.98,0
5.23,118.15,1
5.95,179.85,0
5.17,149.97,1
5.72,128.83,0
5.49,120.2,1
5.78,193.23,0
4.74,126.55,1
6.23,154.59,0
5.53,159.65,1
6.0,202.51,0
4.66,137.82,1
6.1,183.66,0
5.52,98.38,1
6.14,166.84,0
5.82,130.5,1
5.92,157.95,0
5.08,135.32,1
5.52,183.14,0
4.6,146.26,1
5.71,173.08,0
5.5,177.71,1
6.05,180.56,0
5.26,119.95,1
5.6,172.26,0
5.17,135.55,1
6.24,177.26,0
5.14,141.63,1
5.37,210.84,0
5.18,122.01,1
5.73,194.76,0
5.4,145.19,1
5.89,190.67,0
4.97,126.64,1
6.02,186.14,0
5.34,142.26,1
5.71,180.97,0
5.13,150.87,1
5.66,191.72,0
4.89,169.29,1
5.59,180.12,0
5.24,140.33,1
6.12,134.11,0
4.81,124.13,1
5.66,180.77,0
4.74,118.09,1
5.09,123.68,0
5.41,139.96,1
5.42,179.6,0
5.09,173.07,1
5.7,215.7,0
5.15,143.87,1
6.4,198.78,0
5.17,148.83,1
5.86,235.7,0
5.65,140.51,1
5.8,181.8,0
5.48,143.82,1
6.32,161.01,0
5.33,145.35,1
5.72,159.09,0
5.75,112.15,1
6.3,191.07,0
5.24,128.4,1
6.06,155.33,0
5.25,143.19,1
6.36,207.81,0
4.76,148.39,1
6.39,145.14,0
4.87,141.63,1
5.34,151.3,0
4.98,159.33,1
5.68,164.23,0
5.15,144.99,1
5.27,154.09,0
5.59,134.86,1
5.74,204.8,0
5.41,120.9,1
5.72,172.39,0
5.24,161.29,1
5.44,153.09,0
5.36,132.38,1
6.02,167.79,0
5.0,163.56,1
5.75,164.19,0
4.59,131.49,1
5.7,165.97,0
5.53,152.28,1
5.77,159.87,0
4.96,140.58,1
5.99,203.35,0
5.06,148.77,1
5.86,213.02,0
4.99,149.81,1
5.65,168.48,0
5.64,144.39,1
5.78,159.86,0
5.21,138.93,1
5.69,162.97,0
5.06,109.28,1
5.79,172.09,0
4.99,148.38,1
5.77,206.68,0
4.7,117.96,1
5.72,181.94,0
4.98,121.19,1
5.65,200.05,0
5.29,149.39,1
5.8,159.85,0
5.11,152.05,1
5.87,159.96,0
5.38,122.39,1
5.85,198.0,0
5.38,132.4,1
5.74,197.25,0
5.15,144.12,1
5.62,164.61,0
5.02,139.0,1
5.94,134.9,0
4.9,152.29,1
5.61,176.16,0
5.01,149.0,1
5.31,168.86,0
4.62,151.94,1
5.29,182.28,0
5.15,142.96,1
5.48,142.55,0
5.15,138.26,1
6.05,180.64,0
5.11,166.51,1
5.92,161.34,0
5.42,137.72,1
5.79,195.45,0
5.6,133.35,1
6.01,169.41,0
5.31,137.54,1
6.59,166.41,0
5.23,142.36,1
5.45,171.16,0
4.79,137.72,1
5.75,186.89,0
5.15,141.45,1
6.1,190.32,0
5.02,132.49,1
5.51,198.53,0
5.69,123.67,1
5.81,193.43,0
5.04,143.23,1
5.9,193.88,0
4.82,135.85,1
6.05,139.45,0
4.92,117.64,1
5.85,209.14,0
4.85,147.9,1
5.72,146.87,0
4.89,140.32,1
5.74,197.61,0
5.24,140.27,1
5.79,182.22,0
4.8,165.3,1
6.03,202.38,0
5.48,132.05,1
5.76,175.51,0
4.78,154.11,1
5.7,176.6,0
4.91,141.34,1
6.05,197.94,0
5.45,169.91,1
5.55,199.98,0
4.79,146.51,1
5.28,166.75,0
4.98,121.07,1
5.93,190.6,0
4.86,136.16,1
5.71,132.22,0
5.57,142.86,1
6.11,183.13,0
5.31,147.31,1
5.48,195.74,0
5.6,135.98,1
5.78,175.62,0
4.95,129.9,1
5.88,180.53,0
5.26,103.28,1
5.84,140.42,0
5.26,137.79,1
5.93,148.07,0
4.9,144.48,1
6.44,153.56,0
4.99,127.61,1
5.79,194.58,0
5.09,124.75,1
5.95,169.4,0
4.77,150.87,1
6.13,153.75,0
5.1,149.49,1
5.62,174.65,0
5.22,148.99,1
6.31,174.29,0
5.26,117.59,1
5.62,218.36,0
5.21,162.06,1
5.48,185.22,0
5.1,134.2,1
5.92,185.61,0
5.62,138.79,1
5.19,185.43,0
5.4,122.98,1
6.12,179.32,0
5.07,97.43,1
6.25,176.97,0
5.18,122.48,1
5.51,185.07,0
5.27,147.39,1
5.99,170.03,0
5.88,135.16,1
5.97,204.4,0
4.72,101.88,1
6.2,185.28,0
5.03,134.34,1
5.45,145.47,0
5.31,118.45,1
5.62,180.37,0
5.23,122.51,1
5.52,125.68,0
4.67,111.21,1
5.37,194.8,0
5.12,156.06,1
5.95,171.26,0
5.08,119.69,1
5.71,204.65,0
4.58,143.43,1
6.05,210.55,0
5.4,122.6,1
5.75,146.71,0
4.8,144.02,1
5.7,171.94,0
5.68,105.07,1
5.62,199.13,0
5.51,143.6,1
6.23,171.44,0
5.19,147.15,1
6.03,178.84,0
4.97,131.73,1
5.93,174.74,0
5.36,138.82,1
5.55,128.62,0
5.22,132.46,1
5.61,155.09,0
4.72,162.44,1
6.03,148.96,0
5.27,137.36,1
5.36,169.55,0
5.61,127.25,1
5.75,189.88,0
5.5,150.77,1
5.62,169.31,0
5.41,124.12,1
5.78,192.43,0
5.27,147.79,1
5.71,179.26,0
5.08,139.91,1
6.01,192.37,0
5.21,132.08,1
5.57,170.28,0
4.44,167.21,1
5.63,161.01,0
5.49,169.96,1
5.97,156.84,0
5.74,145.06,1
5.85,178.46,0
5.33,127.74,1
6.43,190.72,0
5.04,119.51,1
5.77,153.11,0
5.28,112.92,1
6.05,203.74,0
5.56,127.54,1
5.82,174.64,0
5.36,131.98,1
5.88,194.84,0
5.17,156.42,1
6.34,166.26,0
5.69,149.41,1
5.28,178.69,0
5.4,127.77,1
6.11,210.81,0
5.06,126.54,1
5.42,170.9,0
5.13,145.72,1
5.48,113.65,0
4.91,142.71,1
5.92,176.12,0
5.55,102.99,1
6.0,181.02,0
4.7,118.31,1
6.3,188.33,0
5.01,131.02,1
5.9,219.82,0
5.08,149.31,1
5.52,179.96,0
5.53,153.1,1
6.2,219.54,0
5.72,153.02,1
5.62,170.67,0
5.42,126.49,1
5.94,174.31,0
5.08,175.22,1
6.01,150.66,0
4.62,132.88,1
5.64,202.19,0
4.93,146.67,1
6.52,193.25,0
5.18,148.56,1
5.76,178.09,0
5.27,122.71,1
5.59,163.72,0
5.14,157.86,1
5.86,198.76,0
5.26,148.57,1
6.07,184.69,0
5.28,117.99,1
5.78,151.17,0
5.46,133.74,1
5.36,157.79,0
5.26,139.9,1
5.54,189.87,0
5.36,158.68,1
5.46,207.1,0
5.25,127.75,1
5.87,191.43,0
4.85,147.59,1
5.73,181.26,0
5.29,123.47,1
5.78,223.13,0
5.33,155.71,1
5.91,217.16,0
5.11,155.21,1
6.12,166.43,0
5.15,122.96,1
5.45,147.81,0
5.1,133.43,1
6.02,140.51,0
5.37,131.56,1
5.66,170.72,0
5.05,160.93,1
5.85,148.6,0
4.78,131.86,1
5.46,169.55,0
5.19,136.88,1
6.35,184.94,0
5.06,109.3,1
6.22,189.32,0
4.69,152.74,1
6.74,166.12,0
5.54,142.38,1
6.06,177.46,0
5.65,155.59,1
6.0,155.73,0
4.84,145.14,1
5.77,169.98,0
4.33,142.73,1
5.64,179.53,0
5.03,129.28,1
6.2,162.44,0
5.38,142.84,1
5.89,164.43,0
5.53,169.52,1
6.11,158.25,0
4.99,145.48,1
6.28,161.1,0
5.57,149.89,1
5.69,180.06,0
5.41,117.69,1
5.57,202.74,0
5.17,128.54,1
5.53,170.14,0
5.61,144.12,1
6.45,184.1,0
5.51,149.59,1
5.6,146.74,0
4.73,138.77,1
5.81,178.63,0
4.99,143.28,1
5.86,148.34,0
4.97,135.3,1
6.25,171.25,0
5.71,157.87,1
5.9,190.06,0
5.15,120.46,1
6.11,193.09,0
4.72,123.78,1
6.11,150.08,0
5.41,106.7,1
6.19,156.88,0
5.06,123.81,1
5.73,174.12,0
5.13,134.17,1
5.72,162.3,0
5.18,163.08,1
5.84,152.54,0
5.06,167.98,1
6.32,161.27,0
5.22,132.76,1
5.72,198.56,0
5.7,133.92,1
5.96,186.93,0
4.74,134.55,1
5.74,158.56,0
5.13,158.27,1
6.0,183.82,0
5.11,129.95,1
5.85,162.62,0
4.89,118.24,1
5.55,113.14,0
5.73,126.75,1
5.88,155.77,0
5.33,133.49,1
5.55,188.68,0
5.13,144.63,1
5.95,175.43,0
5.22,154.5,1
5.57,159.52,0
5.61,129.39,1
6.07,175.23,0
5.19,131.24,1
5.5,188.11,0
5.09,124.23,1
6.1,191.61,0
5.08,136.6,1
5.82,148.02,0
5.39,158.58,1
5.55,150.49,0
5.21,155.76,1
5.78,163.33,0
4.99,140.64,1
6.29,173.83,0
5.18,125.1,1
5.51,150.17,0
5.04,159.15,1
6.18,174.04,0
4.79,155.55,1
5.3,192.05,0
5.56,133.72,1
5.45,150.55,0
5.34,146.83,1
6.25,206.1,0
5.43,141.96,1
5.57,155.02,0
5.39,154.19,1
5.87,174.71,0
5.38,136.5,1
5.89,151.51,0
5.43,157.46,1
6.37,181.55,0
5.07,114.86,1
5.91,163.19,0
5.07,139.21,1
5.53,171.16,0
5.24,132.0,1
5.75,214.87,0
4.64,170.07,1
5.73,162.42,0
5.15,131.2,1
5.63,189.1,0
5.1,168.16,1
6.27,189.22,0
4.86,146.13,1
5.65,182.98,0
5.59,155.93,1
6.25,155.58,0
5.34,110.0,1
5.81,156.79,0
5.1,126.01,1
6.19,133.89,0
5.07,127.26,1
5.76,188.31,0
5.42,119.98,1
5.37,204.65,0
5.37,126.34,1
5.84,174.1,0
5.91,121.31,1
5.53,172.56,0
5.17,130.02,1
5.82,190.25,0
4.96,139.3,1
5.45,164.48,0
5.25,154.24,1
5.8,183.85,0
5.37,146.26,1
5.91,184.69,0
5.44,144.47,1
5.55,140.95,0
5.59,121.92,1
5.77,131.19,0
4.75,142.34,1
5.38,159.63,0
4.69,149.0,1
5.64,144.37,0
4.93,141.3,1
5.58,176.98,0
5.38,136.46,1
5.68,176.48,0
5.3,130.74,1
5.77,214.97,0
5.29,142.34,1
5.82,187.68,0
5.99,116.35,1
5.75,184.36,0
5.25,148.46,1
5.98,174.28,0
5.31,133.0,1
5.77,184.24,0
5.26,132.24,1
5.85,147.38,0
4.64,130.08,1
5.6,163.04,0
5.63,117.62,1
5.72,171.21,0
5.47,175.68,1
6.22,172.78,0
4.63,157.72,1
6.19,182.38,0
5.19,141.32,1
5.64,129.62,0
5.02,148.64,1
6.22,155.07,0
5.08,132.29,1
6.2,182.72,0
5.32,154.93,1
5.72,186.11,0
5.72,119.93,1
6.16,171.66,0
5.31,135.64,1
5.4,169.64,0
5.0,149.31,1
5.95,210.82,0
5.26,140.61,1
5.73,183.2,0
5.49,127.76,1
5.93,166.71,0
5.08,125.14,1
5.96,165.91,0
5.33,135.01,1
5.18,176.65,0
4.87,138.13,1
6.28,174.98,0
5.67,157.43,1
5.87,151.98,0
5.67,158.24,1
5.52,199.92,0
4.76,128.44,1
5.91,217.98,0
5.19,140.73,1
5.41,173.61,0
5.34,145.13,1
5.6,180.31,0
5.44,166.3,1
5.95,163.9,0
5.06,162.21,1
6.05,193.46,0
5.27,146.76,1
5.98,185.41,0
5.14,159.1,1
5.93,145.01,0
5.11,132.87,1
5.65,194.72,0
5.08,133.11,1
5.71,202.7,0
4.78,138.45,1
5.67,194.02,0
4.82,154.72,1
5.39,169.01,0
5.14,162.43,1
5.43,147.16,0
5.7,155.54,1
5.8,194.54,0
5.59,119.11,1
5.98,130.67,0
5.2,166.9,1
5.79,179.24,0
5.28,121.44,1
5.6,169.35,0
5.18,113.35,1
5.62,196.57,0
5.52,146.85,1
6.18,163.13,0
4.84,123.33,1
5.6,164.05,0
5.45,135.33,1
5.59,152.38,0
5.58,157.11,1
5.75,170.62,0
4.64,163.27,1
5.91,161.12,0
4.89,141.23,1
5.39,156.45,0
4.4,132.51,1
5.44,161.61,0
5.23,129.37,1
5.69,174.0,0
5.6,126.32,1
5.77,215.71,0
5.2,137.62,1
5.97,156.24,0
5.53,154.94,1
5.85,130.79,0
4.85,149.54,1
5.72,201.47,0
5.02,133.97,1
4.94,215.04,0
5.36,147.17,1
5.47,160.78,0
5.08,141.69,1
6.03,202.4,0
4.82,140.63,1
5.55,160.31,0
5.7,155.23,1
5.86,193.57,0
5.31,157.96,1
6.31,167.25,0
5.31,149.48,1
5.92,155.73,0
5.34,155.31,1
5.61,213.72,0
4.9,145.81,1
5.59,174.76,0
5.46,138.95,1
5.46,190.86,0
5.15,157.67,1
5.65,189.55,0
5.53,142.56,1
5.65,159.21,0
5.52,147.24,1
6.11,144.8,0
4.92,159.82,1
5.5,182.55,0
5.52,113.62,1
6.25,173.12,0
5.18,132.44,1
5.66,166.82,0
5.46,143.17,1
5.9,198.11,0
5.31,131.34,1
5.72,166.12,0
5.32,145.75,1
6.07,177.73,0
5.41,130.09,1
5.59,177.62,0
5.12,148.22,1
5.59,188.56,0
5.27,169.86,1
5.94,183.26,0
4.86,145.53,1
5.67,158.56,0
5.21,131.05,1
5.76,199.4,0
5.49,151.4,1
6.1,182.66,0
5.54,106.59,1
6.21,165.09,0
4.88,138.23,1
5.85,157.47,0
5.42,129.5,1
5.99,173.61,0
5.16,144.72,1
5.75,202.08,0
4.65,134.86,1
5.75,152.07,0
5.01,152.12,1
5.54,184.74,0
5.37,132.42,1
5.84,177.39,0
5.57,120.21,1
5.93,168.09,0
5.27,168.09,1
5.39,121.32,0
5.16,147.71,1
5.73,181.19,0
5.24,138.06,1
5.76,184.81,0
5.4,135.47,1
5.77,204.4,0
5.34,129.46,1
6.12,141.76,0
5.37,148.22,1
5.62,170.05,0
5.05,131.53,1
5.59,157.3,0
5.13,145.96,1
5.72,194.24,0
4.73,142.54,1
6.04,175.93,0
4.98,119.25,1
6.28,161.51,0
5.18,128.56,1
5.84,171.64,0
5.13,151.36,1
5.97,196.81,0
5.09,159.55,1
5.95,184.5,0
4.88,168.02,1
5.81,171.81,0
4.99,168.05,1
6.2,161.21,0
5.23,127.29,1
5.47,169.19,0
5.06,136.93,1
6.17,166.25,0
5.68,156.1,1
5.93,228.48,0
5.41,124.8,1
5.78,168.31,0
4.9,151.35,1
5.72,201.21,0
5.45,120.21,1
6.19,190.64,0
4.66,115.45,1
5.45,162.05,0
5.16,138.76,1
4.93,185.86,0
5.43,128.18,1
5.41,186.24,0
4.46,123.44,1
5.93,197.8,0
5.11,140.49,1
5.51,186.34,0
4.79,140.09,1
5.82,162.34,0
5.2,151.93,1
5.52,155.5,0
5.24,129.24,1
5.78,190.1,0
4.5,149.62,1
6.31,199.42,0
4.79,118.62,1
5.6,186.78,0
5.3,148.45,1
6.29,170.94,0
5.33,143.63,1
5.91,188.57,0
5.52,101.56,1
5.9,180.95,0
5.61,109.5,1
5.38,153.73,0
5.43,157.56,1
5.98,182.28,0
5.5,123.53,1
6.29,155.52,0
5.74,140.14,1
5.87,184.69,0
5.08,135.21,1
5.77,176.33,0
5.0,132.07,1
5.88,186.95,0
4.85,118.2,1
5.7,174.4,0
5.55,149.32,1
5.72,183.61,0
5.54,147.43,1
5.47,205.89,0
5.46,153.91,1
5.57,184.07,0
5.44,145.33,1
6.02,205.95,0
5.45,161.41,1
5.56,162.05,0
4.93,141.06,1
6.04,158.32,0
4.74,159.61,1
5.82,210.05,0
5.37,169.54,1
5.32,154.46,0
5.58,153.89,1
5.68,188.99,0
5.31,128.78,1
5.53,170.04,0
4.99,125.49,1
6.12,149.66,0
5.69,156.12,1
6.09,196.92,0
5.27,147.49,1
5.81,166.85,0
5.46,135.47,1
6.1,172.35,0
5.37,142.93,1
6.07,164.04,0
5.33,131.26,1
6.15,215.91,0
5.13,151.61,1
5.93,173.72,0
5.6,132.82,1
5.84,162.15,0
5.31,148.79,1
6.0,167.55,0
5.22,164.23,1
6.0,184.65,0
5.36,140.17,1
5.91,146.54,0
5.47,156.14,1
6.09,192.52,0
4.96,126.26,1
5.97,176.62,0
5.43,143.59,1
5.88,188.26,0
5.86,131.81,1
5.78,174.08,0
5.49,99.47,1
6.15,191.33,0
5.38,173.89,1
5.62,225.67,0
5.27,152.5,1
5.94,174.45,0
4.92,134.83,1
6.13,180.76,0
5.42,129.18,1
5.84,163.5,0
5.3,143.12,1
6.5,161.44,0
4.98,152.04,1
6.1,223.94,0
5.76,132.91,1
5.44,169.06,0
5.09,132.2,1
5.9,182.22,0
5.63,139.32,1
5.89,196.03,0
5.55,139.92,1
5.4,144.92,0
5.03,132.97,1
6.08,172.0,0
4.78,141.19,1
6.01,183.21,0
5.43,127.62,1
5.65,155.94,0
5.05,144.28,1
5.65,188.47,0
4.64,125.02,1
5.44,146.71,0
5.02,136.6,1
5.96,156.82,0
5.09,107.24,1
6.25,220.69,0
5.48,166.81,1
5.45,198.43,0
5.49,131.44,1
5.84,169.59,0
5.58,142.8,1
6.05,184.36,0
4.83,145.79,1
5.58,153.03,0
5.5,115.41,1
5.77,185.61,0
5.07,125.13,1
6.24,181.96,0
4.92,122.78,1
5.89,163.3,0
5.52,153.79,1
6.27,129.18,0
5.1,161.22,1
6.14,164.19,0
5.35,129.2,1
5.82,198.05,0
5.28,134.5,1
5.88,167.16,0
5.53,147.2,1
5.37,155.9,0
4.37,140.55,1
5.94,170.71,0
5.12,151.67,1
6.16,162.45,0
5.11,133.42,1
5.4,181.21,0
5.5,137.81,1
6.28,183.36,0
5.22,112.85,1
6.01,192.21,0
5.28,149.41,1
5.94,203.72,0
4.85,134.35,1
5.96,170.18,0
5.28,135.67,1
5.91,179.86,0
5.2,143.87,1
6.19,189.21,0
5.45,141.43,1
5.57,196.89,0
4.77,138.34,1
6.01,162.41,0
5.66,110.21,1
5.96,190.36,0
5.49,124.61,1
5.89,170.31,0
5.12,160.49,1
5.68,189.76,0
5.34,132.87,1
5.52,173.31,0
5.12,172.72,1
6.15,190.45,0
5.31,157.53,1
5.71,186.27,0
5.39,164.96,1
5.8,150.89,0
5.92,126.27,1
5.23,183.44,0
5.79,109.2,1
5.71,178.26,0
5.18,149.17,1
5.77,201.34,0
5.35,159.51,1
5.95,177.51,0
5.58,125.94,1
5.6,209.85,0
5.03,138.18,1
6.01,214.59,0
4.59,155.05,1
6.07,200.37,0
5.31,130.75,1
5.86,175.99,0
5.04,133.71,1
5.83,160.53,0
5.29,150.43,1
5.47,192.4,0
5.09,124.96,1
6.07,201.14,0
5.27,142.42,1
5.72,190.32,0
5.33,131.46,1
5.6,221.44,0
4.92,153.62,1
5.89,132.34,0
5.28,137.48,1
5.97,180.82,0
4.51,146.35,1
5.88,188.74,0
5.28,130.94,1
5.63,214.47,0
5.57,138.3,1
6.13,213.98,0
5.0,153.13,1
5.7,144.05,0
5.4,150.03,1
5.64,133.93,0
5.25,148.38,1
5.52,209.57,0
4.64,135.57,1
6.22,176.37,0
5.18,133.57,1
5.85,214.74,0
5.18,130.91,1
5.57,154.04,0
5.96,140.36,1
5.59,195.7,0
5.1,146.08,1
5.17,182.06,0
5.47,121.74,1
6.05,198.21,0
5.22,142.0,1
5.55,189.07,0
5.89,146.24,1
5.78,159.88,0
5.53,136.04,1
5.52,191.05,0
5.14,115.76,1
5.28,180.55,0
5.06,125.83,1
6.39,178.67,0
5.44,122.78,1
5.64,183.57,0
5.3,110.96,1
5.68,163.3,0
5.06,126.15,1
5.7,173.83,0
5.04,136.06,1
5.5,213.9,0
5.18,128.88,1
5.41,152.64,0
5.26,157.35,1
5.81,165.43,0
5.17,130.75,1
5.72,184.7,0
5.51,149.4,1
6.07,182.56,0
5.05,131.29,1
6.02,171.84,0
5.51,128.31,1
5.84,171.61,0
4.92,137.84,1
6.07,225.45,0
5.51,127.3,1
6.02,147.54,0
4.68,137.36,1
5.94,192.77,0
5.07,160.03,1
6.17,187.87,0
5.22,112.79,1
5.76,159.74,0
5.36,144.81,1
5.67,181.28,0
5.22,138.87,1
5.99,157.27,0
5.07,173.88,1
5.8,170.8,0
5.02,129.62,1
5.4,184.98,0
4.95,137.48,1
5.78,186.47,0
5.2,156.16,1
6.03,189.22,0
4.52,133.89,1
6.14,186.79,0
5.39,129.65,1
5.5,174.92,0
4.93,130.71,1
6.14,175.34,0
5.48,122.73,1
5.83,192.23,0
5.02,146.8,1
5.72,172.38,0
4.99,134.49,1
5.76,174.82,0
5.06,125.92,1
5.91,194.67,0
5.22,115.59,1
5.71,169.76,0
5.22,138.29,1
6.37,117.74,0
5.11,120.96,1
5.83,156.3,0
5.38,140.05,1
5.57,189.09,0
5.56,149.03,1
5.84,205.71,0
5.49,141.77,1
5.46,146.24,0
4.9,155.26,1
5.88,203.09,0
5.15,120.68,1
5.76,207.43,0
5.18,164.98,1
5.52,192.75,0
4.88,142.09,1
5.71,182.3,0
5.18,163.28,1
5.82,216.6,0
5.35,139.81,1
5.43,192.79,0
5.05,134.0,1
6.01,193.59,0
5.29,141.95,1
5.49,199.76,0
5.49,148.88,1
5.64,219.03,0
5.29,149.4,1
6.11,184.4,0
4.47,143.16,1
6.39,147.91,0
5.33,135.99,1
6.1,169.74,0
5.08,158.39,1
5.34,189.89,0
5.26,137.43,1
6.02,177.78,0
5.4,136.07,1
6.19,176.47,0
4.87,149.6,1
5.12,156.91,0
5.7,142.0,1
5.41,148.11,0
5.38,140.24,1
6.21,191.69,0
5.64,152.49,1
6.14,171.81,0
4.93,129.34,1
5.75,214.84,0
5.55,156.56,1
5.95,147.63,0
5.05,149.61,1
5.69,137.63,0
5.12,133.98,1
5.98,194.04,0
5.28,131.29,1
6.1,159.66,0
5.13,122.41,1
5.79,170.66,0
5.53,153.27,1
5.62,152.36,0
5.2,154.61,1
5.74,160.23,0
5.18,151.14,1
5.56,154.58,0
5.15,155.0,1
6.2,178.91,0
4.88,157.2,1
5.67,156.5,0
5.29,115.26,1
5.75,174.19,0
5.36,135.14,1
5.16,146.03,0
5.02,144.68,1
5.57,202.7,0
5.26,141.6,1
5.84,177.36,0
5.28,137.38,1
6.49,173.49,0
4.82,140.19,1
5.67,163.39,0
5.25,144.58,1
5.77,112.76,0
5.07,142.71,1
6.1,144.36,0
5.01,140.87,1
6.25,150.64,0
5.26,147.29,1
5.8,174.01,0
5.36,124.57,1
6.0,146.69,0
5.17,120.66,1
6.27,217.05,0
5.19,135.16,1
5.74,177.78,0
5.15,160.86,1
5.68,201.05,0
5.03,139.92,1
6.36,206.44,0
4.44,131.35,1
5.5,188.49,0
5.54,160.16,1
5.43,199.43,0
4.96,117.65,1
5.54,185.41,0
4.87,124.14,1
5.31,159.11,0
5.0,134.86,1
5.62,193.6,0
5.34,156.39,1
5.32,215.8,0
5.53,151.12,1
5.74,184.54,0
4.93,141.19,1
5.85,170.65,0
4.84,134.93,1
5.63,158.45,0
4.7,110.06,1
6.12,167.61,0
4.66,135.61,1
6.56,178.86,0
5.15,117.72,1
5.78,215.5,0
5.13,139.35,1
5.8,160.14,0
5.12,140.07,1
5.31,179.41,0
5.6,159.17,1
5.82,192.2,0
5.46,121.35,1
5.52,166.96,0
5.56,149.11,1
6.08,196.8,0
5.12,157.96,1
5.87,142.62,0
5.57,137.99,1
5.73,198.21,0
5.43,133.2,1
5.46,170.37,0
4.63,140.64,1
5.33,217.13,0
5.32,122.52,1
5.34,127.05,0
5.46,123.67,1
5.82,160.65,0
5.04,124.57,1
5.98,148.7,0
4.98,129.72,1
5.44,151.87,0
4.76,144.09,1
5.68,152.45,0
5.09,128.83,1
5.89,151.48,0
5.4,129.73,1
6.19,198.05,0
5.34,132.08,1
6.05,176.47,0
5.08,129.79,1
5.77,166.49,0
5.01,148.12,1
5.76,145.3,0
4.91,130.8,1
5.52,185.83,0
4.94,150.45,1
6.03,140.32,0
5.25,119.54,1
5.92,174.66,0
5.02,139.97,1
5.54,154.11,0
5.29,131.15,1
6.09,211.53,0
4.78,134.36,1
6.26,171.34,0
5.6,144.94,1
5.8,166.36,0
5.55,157.91,1
5.71,161.48,0
4.67,148.12,1
6.16,142.92,0
5.54,175.51,1
5.83,184.79,0
4.79,132.22,1
5.77,190.53,0
5.56,130.64,1
5.59,204.05,0
5.19,128.38,1
6.11,173.02,0
4.65,152.05,1
5.67,201.63,0
5.48,139.49,1
5.67,165.53,0
5.08,143.08,1
5.78,179.16,0
4.87,143.34,1
5.73,189.66,0
5.13,134.0,1
5.5,183.75,0
4.81,145.19,1
6.02,161.52,0
4.76,152.75,1
5.7,159.46,0
5.91,140.92,1
5.86,192.92,0
4.59,154.69,1
4.83,165.92,0
5.4,142.05,1
5.28,193.48,0
5.42,154.68,1
5.62,155.02,0
5.38,140.03,1
5.49,166.55,0
5.48,151.36,1
5.82,200.9,0
4.69,149.98,1
5.91,183.39,0
4.75,133.69,1
6.01,152.9,0
5.09,105.4,1
6.14,170.98,0
4.97,112.97,1
6.18,200.31,0
5.36,125.57,1
5.83,160.56,0
5.22,128.88,1
5.54,205.26,0
5.05,141.65,1
5.74,154.06,0
5.31,155.11,1
6.01,195.32,0
5.38,134.89,1
6.26,170.16,0
5.38,118.47,1
5.86,168.71,0
5.01,153.89,1
5.79,171.64,0
5.46,150.13,1
5.54,206.02,0
4.91,149.83,1
5.86,185.74,0
5.59,144.84,1
5.76,184.28,0
4.92,139.33,1
5.75,167.08,0
5.77,131.54,1
5.63,182.85,0
5.27,162.04,1
5.72,148.79,0
5.18,160.32,1
5.64,175.63,0
4.92,131.49,1
5.26,183.05,0
5.48,140.4,1
6.2,167.48,0
5.19,104.18,1
5.76,183.72,0
5.17,133.59,1
6.19,172.21,0
5.81,132.55,1
6.16,141.86,0
5.14,126.22,1
5.52,180.84,0
5.1,131.93,1
5.79,164.59,0
5.18,135.1,1
6.11,193.13,0
4.57,146.23,1
5.32,179.62,0
5.05,121.89,1
5.51,182.46,0
5.29,124.74,1
5.27,144.07,0
5.49,153.27,1
5.0,205.29,0
4.83,136.77,1
5.9,186.71,0
5.0,129.82,1
5.77,214.7,0
5.18,150.36,1
5.64,182.43,0
4.72,154.78,1
6.22,154.37,0
5.77,122.48,1
5.57,134.71,0
5.47,117.83,1
5.24,187.14,0
5.09,157.56,1
5.53,174.34,0
5.31,136.88,1
5.81,157.59,0
5.31,116.65,1
6.15,170.28,0
5.47,145.47,1
5.77,182.89,0
4.9,132.28,1
5.34,212.84,0
5.43,147.94,1
5.42,190.85,0
5.65,145.7,1
5.71,176.13,0
5.27,138.04,1
6.0,189.36,0
5.0,128.16,1
6.58,187.42,0
5.27,143.56,1
6.14,151.05,0
5.81,156.96,1
5.63,174.71,0
4.45,135.8,1
5.46,214.14,0
4.97,169.27,1
5.78,164.59,0
5.62,131.57,1
5.31,180.5,0
5.33,134.88,1
5.68,195.12,0
5.32,128.7,1
5.78,163.55,0
4.76,165.58,1
6.23,156.74,0
5.15,138.3,1
5.98,192.25,0
5.49,142.42,1
5.64,200.42,0
4.58,139.19,1
5.95,135.11,0
5.19,139.78,1
5.74,165.62,0
4.79,165.46,1
5.97,163.88,0
5.5,148.18,1
5.86,187.69,0
5.27,167.29,1
5.33,121.25,0
5.13,146.2,1
5.5,205.26,0
5.18,134.0,1
6.17,195.49,0
4.56,143.67,1
5.75,166.36,0
5.25,145.18,1
5.44,193.03,0
4.99,132.24,1
5.65,156.59,0
5.11,156.62,1
5.95,208.95,0
5.06,156.48,1
5.35,174.89,0
5.5,143.68,1
5.57,215.94,0
4.81,156.86,1
6.19,192.3,0
4.61,134.67,1
5.89,146.37,0
5.29,129.71,1
6.15,184.25,0
5.26,161.05,1
5.53,175.52,0
4.96,112.52,1
5.77,201.93,0
5.05,153.21,1
5.94,173.99,0
4.8,127.02,1
5.67,187.51,0
4.88,104.37,1
5.76,169.36,0
5.3,121.92,1
6.01,190.57,0
4.42,165.62,1
6.11,163.65,0
5.51,119.32,1
5.88,191.96,0
5.01,133.79,1
5.76,181.44,0
5.39,134.16,1
5.42,191.42,0
6.43,134.05,1
5.57,179.93,0
5.19,145.2,1
5.53,161.75,0
4.98,125.26,1
5.58,210.07,0
5.53,146.12,1
5.33,141.04,0
4.79,127.16,1
5.93,183.04,0
5.24,145.25,1
5.42,152.61,0
5.26,121.6,1
5.88,178.23,0
5.16,119.28,1
5.61,177.08,0
4.98,143.68,1
5.6,190.85,0
5.06,121.1,1
6.38,191.51,0
5.21,140.9,1
6.1,189.6,0
5.03,111.5,1
5.37,170.09,0
5.44,147.99,1
5.86,143.79,0
5.02,143.19,1
5.76,153.37,0
4.5,129.67,1
6.16,153.93,0
5.09,135.82,1
6.06,182.99,0
5.47,147.33,1
5.55,168.99,0
5.29,153.45,1
5.77,184.4,0
5.36,115.68,1
5.46,172.83,0
5.22,152.12,1
5.03,166.6,0
5.19,143.7,1
5.8,200.62,0
4.81,147.11,1
5.38,183.27,0
5.16,131.62,1
5.04,200.52,0
4.65,132.59,1
5.42,185.24,0
4.86,151.7,1
5.83,175.98,0
5.35,146.52,1
5.84,150.72,0
5.66,132.65,1
5.5,199.43,0
5.86,135.23,1
5.57,185.26,0
5.5,123.89,1
6.0,180.8,0
5.42,156.87,1
6.23,161.55,0
5.16,120.07,1
5.33,176.59,0
5.1,149.68,1
5.91,188.04,0
5.38,115.1,1
5.85,191.88,0
4.65,163.22,1
5.39,182.55,0
5.28,136.83,1
5.86,156.72,0
5.06,120.34,1
5.5,175.84,0
4.99,122.19,1
6.13,156.63,0
4.8,130.23,1
5.94,176.3,0
5.32,150.48,1
6.05,150.75,0
4.83,116.76,1
6.25,183.95,0
5.16,143.04,1
5.56,145.6,0
5.33,130.21,1
5.79,200.55,0
5.39,117.47,1
6.05,120.57,0
4.92,145.83,1
5.92,137.8,0
5.42,140.51,1
5.51,194.19,0
5.41,157.61,1
5.77,177.65,0
4.72,158.56,1
6.07,242.51,0
4.3,143.35,1
5.24,162.55,0
5.11,100.99,1
5.74,161.83,0
4.53,125.37,1
6.05,184.99,0
5.19,143.38,1
5.58,176.03,0
5.15,144.73,1
5.99,159.1,0
5.62,142.9,1
5.82,184.42,0
4.59,128.69,1
6.09,172.77,0
5.35,169.54,1
5.87,179.45,0
5.03,173.36,1
5.84,174.77,0
5.17,146.62,1
5.52,150.54,0
4.71,135.95,1
5.64,193.5,0
4.84,146.86,1
5.13,156.91,0
5.24,137.29,1
5.38,217.49,0
5.23,143.06,1
5.91,131.21,0
5.01,130.63,1
6.29,211.81,0
5.16,149.21,1
6.25,169.35,0
5.45,91.3,1
6.04,200.11,0
4.92,138.57,1
6.01,163.5,0
4.99,141.72,1
5.67,173.59,0
5.92,143.01,1
5.74,201.49,0
4.99,159.78,1
6.0,160.2,0
5.23,154.16,1
5.5,154.39,0
5.35,131.4,1
5.96,185.86,0
5.21,156.81,1
5.86,177.28,0
5.17,138.67,1
5.55,148.44,0
5.43,136.3,1
5.39,175.0,0
4.71,136.99,1
5.58,112.82,0
4.54,147.48,1
6.13,162.78,0
5.18,148.52,1
6.07,185.79,0
5.3,127.98,1
5.81,154.74,0
5.2,162.71,1
5.71,196.45,0
5.5,107.28,1
5.68,163.41,0
4.98,143.27,1
5.93,148.21,0
5.24,154.8,1
5.66,167.18,0
5.19,124.12,1
5.83,183.76,0
4.98,143.64,1
5.66,166.3,0
5.07,146.31,1
5.89,142.21,0
5.4,136.66,1
6.22,167.06,0
5.07,144.18,1
5.54,201.64,0
5.18,135.28,1
5.89,202.61,0
4.81,137.63,1
6.06,190.14,0
5.12,158.17,1
6.02,207.27,0
5.56,155.51,1
6.05,161.92,0
5.18,139.47,1
6.0,188.02,0
5.17,131.81,1
5.86,152.11,0
5.42,149.89,1
6.3,153.42,0
5.5,119.87,1
5.8,137.33,0
4.96,147.53,1
5.36,127.16,0
5.0,123.74,1
5.63,206.55,0
4.99,153.65,1
5.67,154.87,0
5.1,145.15,1
6.43,174.32,0
4.65,138.44,1
5.85,166.93,0
5.09,127.83,1
5.83,208.19,0
5.41,127.55,1
5.16,147.09,0
5.48,134.42,1
5.97,158.64,0
4.89,151.6,1
5.88,162.46,0
5.0,157.98,1
5.37,150.49,0
5.13,139.3,1
6.49,171.09,0
4.82,129.81,1
5.66,200.41,0
5.16,136.56,1
6.06,140.33,0
5.21,126.05,1
5.79,202.71,0
4.74,141.86,1
5.59,156.81,0
5.69,151.61,1
5.64,165.49,0
5.01,140.87,1
6.23,149.27,0
5.24,100.78,1
5.18,109.2,0
4.84,145.4,1
5.56,210.0,0
5.1,125.95,1
5.4,197.95,0
5.18,148.98,1
6.11,175.77,0
5.34,163.56,1
5.87,173.0,0
5.18,129.53,1
5.81,195.1,0
5.22,129.56,1
5.45,162.52,0
5.32,146.21,1
5.48,190.78,0
5.18,139.4,1
5.33,151.3,0
5.11,163.81,1
6.02,205.62,0
5.18,154.53,1
5.8,188.22,0
5.38,141.96,1
6.22,167.11,0
5.18,110.67,1
6.62,207.03,0
4.99,126.42,1
5.03,189.61,0
5.03,161.02,1
5.53,155.45,0
5.03,135.13,1
5.85,198.1,0
4.69,135.77,1
6.11,192.69,0
5.51,153.22,1
6.07,181.52,0
4.7,158.87,1
5.34,150.77,0
5.21,126.37,1
5.98,178.73,0
5.66,138.3,1
6.11,177.86,0
4.39,124.26,1
5.79,201.73,0
4.89,136.32,1
5.29,168.74,0
5.6,143.64,1
5.84,186.59,0
5.04,133.68,1
5.32,150.25,0
5.01,137.61,1
5.87,199.13,0
5.05,146.25,1
5.56,164.8,0
5.19,143.06,1
6.0,171.98,0
5.16,137.67,1
5.53,180.82,0
5.78,140.91,1
5.45,204.3,0
4.78,152.05,1
5.46,169.42,0
4.98,124.92,1
6.22,167.32,0
5.55,131.96,1
5.82,139.25,0
5.16,157.52,1
5.86,153.91,0
5.13,160.07,1
6.03,178.61,0
5.4,126.5,1
5.8,197.18,0
5.09,145.31,1
6.05,123.97,0
5.05,146.11,1
5.58,191.33,0
5.17,148.34,1
5.67,166.41,0
4.84,136.12,1
6.0,199.29,0
4.89,143.89,1
6.13,197.95,0
5.66,135.47,1
5.65,134.59,0
5.43,129.32,1
5.28,194.87,0
4.84,138.66,1
5.89,189.92,0
5.25,149.09,1
5.68,174.32,0
5.06,142.7,1
5.8,186.29,0
5.29,158.58,1
6.06,177.11,0
5.57,125.4,1
6.24,160.21,0
4.79,128.08,1
5.79,209.35,0
5.57,138.09,1
6.25,147.65,0
4.94,134.23,1
5.84,191.2,0
4.69,125.28,1
6.15,194.86,0
5.05,147.23,1
5.63,185.4,0
5.2,166.37,1
5.65,165.51,0
4.89,152.18,1
5.53,180.68,0
5.1,134.91,1
5.39,190.61,0
4.96,145.32,1
6.16,136.14,0
5.48,136.83,1
5.98,216.78,0
5.51,159.44,1
5.56,181.61,0
5.17,127.43,1
5.76,154.71,0
5.66,147.81,1
6.21,165.59,0
5.15,146.54,1
5.89,174.55,0
5.14,118.26,1
5.9,200.65,0
5.02,180.47,1
5.51,155.35,0
5.48,122.16,1
6.07,186.81,0
5.45,150.86,1
5.83,157.66,0
5.39,142.49,1
6.24,157.7,0
5.27,123.2,1
5.66,169.87,0
5.7,163.2,1
5.21,162.32,0
5.09,145.94,1
5.98,143.78,0
5.6,149.78,1
5.65,195.21,0
5.41,135.51,1
5.79,159.37,0
5.32,147.71,1
5.9,168.95,0
4.47,127.26,1
6.07,171.98,0
5.38,139.69,1
6.05,200.48,0
5.54,151.57,1
5.33,154.27,0
4.64,136.54,1
6.04,177.71,0
5.3,139.59,1
6.08,182.76,0
4.92,147.64,1
5.68,172.54,0
5.46,118.07,1
5.48,218.56,0
5.69,127.86,1
5.27,211.28,0
5.27,118.96,1
5.45,158.19,0
5.04,138.81,1
6.0,191.54,0
5.18,142.13,1
6.33,194.82,0
5.63,148.4,1
6.01,196.27,0
5.2,134.31,1
6.58,215.36,0
5.1,125.23,1
5.54,172.92,0
5.24,127.46,1
5.57,181.39,0
5.75,110.72,1
5.64,151.45,0
5.31,139.24,1
6.15,157.79,0
4.97,130.04,1
6.26,202.84,0
5.17,132.76,1
6.39,169.37,0
5.25,145.53,1
6.31,172.3,0
5.71,145.2,1
5.82,179.64,0
5.34,144.68,1
5.62,198.41,0
5.17,137.01,1
5.85,202.12,0
5.33,138.18,1
5.44,194.91,0
5.05,106.49,1
5.75,178.88,0
5.43,142.32,1
6.02,170.58,0
5.39,130.44,1
6.09,195.82,0
5.25,127.68,1
6.04,185.12,0
5.53,145.02,1
5.71,152.76,0
5.0,139.47,1
5.48,164.1,0
4.94,152.52,1
5.61,125.12,0
5.57,136.42,1
5.81,208.17,0
5.12,139.77,1
5.89,190.02,0
5.52,127.47,1
6.11,179.91,0
5.03,124.38,1
5.71,187.66,0
5.55,138.62,1
5.8,192.66,0
5.28,121.78,1
5.5,190.59,0
4.98,129.31,1
5.79,187.09,0
5.22,124.69,1
5.22,151.35,0
5.82,150.11,1
5.82,211.62,0
5.2,151.65,1
6.05,200.34,0
5.39,121.08,1
5.7,181.86,0
4.74,133.25,1
6.29,162.19,0
4.74,124.7,1
6.42,179.11,0
5.13,120.7,1
6.26,179.0,0
5.24,144.76,1
5.96,171.14,0
5.26,135.53,1
5.99,136.78,0
4.98,126.7,1
6.28,197.69,0
5.45,157.91,1
5.74,155.22,0
4.77,143.04,1
5.93,169.11,0
5.54,120.02,1
6.25,158.51,0
5.05,139.39,1
6.22,183.02,0
5.09,145.61,1
5.54,120.85,0
5.52,122.03,1
5.35,183.32,0
5.09,122.67,1
5.69,181.07,0
5.32,147.6,1
5.9,187.34,0
5.65,115.58,1
6.02,168.92,0
5.06,143.87,1
5.65,167.74,0
5.29,161.82,1
5.83,205.18,0
5.57,126.98,1
5.8,135.68,0
5.33,155.28,1
5.9,159.92,0
5.38,134.43,1
5.89,173.84,0
4.96,145.21,1
5.66,194.14,0
5.42,144.27,1
5.98,200.91,0
5.27,124.22,1
5.65,163.21,0
5.21,146.68,1
5.42,184.13,0
4.96,117.73,1
5.43,198.67,0
5.42,144.14,1
5.75,166.96,0
5.08,130.74,1
5.71,173.98,0
5.54,120.05,1
5.94,183.85,0
5.59,143.58,1
4.96,208.99,0
5.45,143.22,1
6.13,162.92,0
5.43,131.23,1
5.74,201.96,0
4.65,158.69,1
5.74,187.53,0
4.72,161.31,1
6.18,160.69,0
4.98,174.81,1
6.18,156.68,0
5.06,165.09,1
5.27,142.6,0
5.71,145.61,1
5.95,127.92,0
4.87,149.3,1
5.5,161.79,0
5.59,137.91,1
5.65,200.36,0
5.15,140.42,1
6.2,153.79,0
4.73,141.56,1
5.23,209.7,0
5.48,147.96,1
6.06,184.83,0
5.04,137.69,1
5.47,121.83,0
4.75,147.24,1
6.07,147.35,0
5.8,142.98,1
5.87,161.54,0
5.68,147.49,1
6.04,200.91,0
5.11,144.42,1
5.85,182.69,0
5.25,146.95,1
5.37,167.53,0
5.67,141.94,1
5.88,155.53,0
5.27,129.32,1
5.66,171.99,0
4.78,160.55,1
5.99,180.77,0
5.06,137.25,1
5.6,189.46,0
5.21,147.69,1
5.31,222.87,0
5.04,153.51,1
5.85,190.57,0
4.88,138.95,1
5.82,183.07,0
4.92,129.12,1
5.94,201.11,0
5.6,165.38,1
6.13,172.18,0
5.28,149.15,1
5.56,198.77,0
5.92,174.49,1
6.12,144.49,0
5.53,143.22,1
5.76,188.75,0
5.19,139.52,1
5.69,180.21,0
5.09,137.6,1
5.82,198.21,0
5.28,120.61,1
6.27,168.27,0
5.12,157.4,1
5.62,204.46,0
5.54,148.52,1
6.21,134.79,0
4.89,153.21,1
5.76,179.63,0
5.43,155.4,1
6.03,177.24,0
5.06,135.55,1
5.32,167.34,0
4.74,127.86,1
5.67,183.52,0
5.14,145.77,1
5.78,182.72,0
5.45,147.95,1
5.59,185.91,0
5.07,129.45,1
5.87,158.97,0
5.09,128.34,1
5.81,170.02,0
5.18,157.18,1
5.74,152.34,0
5.3,159.41,1
5.81,187.59,0
5.69,147.63,1
6.16,170.96,0
5.34,149.39,1
5.69,222.4,0
4.99,144.37,1
6.29,187.64,0
5.31,148.62,1
5.64,169.77,0
4.94,153.79,1
6.05,157.5,0
5.19,136.9,1
5.86,180.05,0
5.1,151.15,1
5.51,164.74,0
4.95,130.27,1
5.36,189.68,0
5.23,134.52,1
6.03,183.09,0
4.94,132.78,1
5.86,182.33,0
5.14,147.34,1
5.72,167.2,0
5.32,116.28,1
5.71,202.05,0
5.1,134.62,1
5.73,180.28,0
5.11,111.69,1
5.56,178.9,0
5.27,160.42,1
5.64,191.64,0
5.94,134.02,1
5.86,197.42,0
5.06,123.74,1
5.75,169.07,0
5.23,147.8,1
5.92,171.12,0
5.46,117.3,1
6.32,193.95,0
5.22,153.16,1
5.96,160.93,0
5.21,151.35,1
5.55,168.22,0
5.47,125.54,1
5.48,185.51,0
4.95,127.56,1
5.75,206.5,0
5.13,164.46,1
5.62,205.93,0
5.33,125.54,1
5.36,181.22,0
5.23,133.54,1
5.56,173.04,0
5.6,134.21,1
5.47,150.77,0
5.09,118.6,1
5.33,205.8,0
5.32,140.98,1
5.69,180.34,0
5.34,138.59,1
5.73,163.8,0
4.86,153.59,1
5.83,187.87,0
5.28,128.74,1
6.34,191.9,0
4.64,143.5,1
6.0,178.54,0
5.58,141.18,1
6.29,143.81,0
5.33,176.24,1
5.92,179.55,0
5.01,154.17,1
6.03,153.79,0
5.6,153.76,1
6.02,133.08,0
5.07,132.41,1
6.1,164.93,0
5.69,173.16,1
5.82,192.74,0
5.57,158.01,1
5.48,190.78,0
5.22,150.9,1
5.48,172.87,0
5.44,108.76,1
5.69,215.14,0
5.43,157.27,1
5.73,153.1,0
5.51,117.06,1
5.95,165.0,0
4.72,139.44,1
5.9,170.81,0
4.74,122.69,1
5.54,181.28,0
5.08,126.58,1
5.58,177.58,0
5.43,145.33,1
6.08,169.54,0
5.05,130.69,1
5.8,200.45,0
5.22,120.6,1
5.59,188.15,0
5.03,140.98,1
6.03,167.1,0
5.07,131.07,1
5.34,188.62,0
4.74,135.89,1
5.7,178.06,0
5.32,125.39,1
5.91,188.65,0
5.39,145.48,1
5.78,193.83,0
4.99,137.02,1
6.24,187.44,0
5.18,121.41,1
5.8,150.2,0
4.97,133.09,1
6.19,158.09,0
5.66,125.23,1
6.23,152.04,0
5.54,141.49,1
5.79,197.35,0
5.08,149.19,1
6.08,172.84,0
4.93,139.31,1
6.29,168.9,0
4.95,132.8,1
6.63,183.08,0
5.43,104.58,1
5.6,209.71,0
4.99,138.44,1
5.52,176.76,0
5.63,153.62,1
5.56,144.0,0
6.21,124.7,1
5.71,190.69,0
5.14,139.11,1
6.45,200.37,0
5.48,130.56,1
5.83,169.9,0
5.24,122.59,1
5.52,157.75,0
4.96,137.97,1
5.79,173.61,0
4.77,155.06,1
6.05,176.03,0
4.96,135.77,1
6.06,178.19,0
5.28,116.31,1
5.98,174.95,0
5.35,151.81,1
5.76,183.44,0
5.18,131.67,1
5.87,149.85,0
4.54,137.15,1
5.38,209.02,0
5.7,150.75,1
5.92,197.93,0
5.05,100.32,1
5.7,158.02,0
5.56,135.18,1
5.77,199.37,0
5.14,139.01,1
5.7,152.65,0
5.38,141.09,1
5.88,192.29,0
5.05,121.88,1
5.78,178.53,0
5.01,160.54,1
5.36,178.75,0
5.64,168.45,1
5.76,206.23,0
4.98,120.01,1
6.19,175.58,0
4.87,162.75,1
5.86,162.53,0
5.06,143.23,1
5.98,178.31,0
4.87,126.35,1
6.26,152.21,0
4.69,155.72,1
5.38,157.27,0
4.87,125.19,1
6.03,143.0,0
5.43,144.46,1
5.93,167.27,0
5.68,134.91,1
5.25,191.76,0
4.89,151.29,1
5.54,164.07,0
4.84,134.85,1
5.55,159.54,0
5.02,153.11,1
5.55,192.86,0
5.27,115.81,1
5.57,174.17,0
5.3,128.85,1
5.71,164.06,0
5.52,159.41,1
6.24,185.69,0
4.45,167.34,1
6.0,170.75,0
5.29,131.74,1
6.1,178.22,0
5.08,144.48,1
6.0,120.08,0
5.55,161.42,1
5.87,182.67,0
5.56,152.02,1
5.88,189.46,0
5.14,159.64,1
5.86,214.33,0
5.29,151.85,1
5.98,193.2,0
5.2,158.06,1
6.01,195.56,0
5.82,149.05,1
5.99,216.04,0
5.45,141.72,1
5.67,211.99,0
4.82,109.94,1
5.08,145.58,0
5.5,142.77,1
5.27,175.52,0
4.89,142.06,1
5.72,164.58,0
5.22,151.58,1
5.94,164.08,0
5.63,141.84,1
6.11,193.72,0
4.87,150.88,1
5.86,188.69,0
5.07,142.64,1
6.0,149.18,0
5.27,128.61,1
5.98,175.94,0
5.63,142.73,1
5.56,187.21,0
5.55,144.99,1
5.71,158.51,0
5.08,164.77,1
6.09,165.89,0
5.47,137.93,1
5.04,185.84,0
5.36,143.16,1
5.88,167.5,0
5.06,150.75,1
5.9,172.85,0
4.9,151.47,1
5.76,169.04,0
5.08,150.15,1
5.41,193.31,0
5.25,120.99,1
5.61,161.35,0
4.79,136.95,1
5.5,148.52,0
4.92,124.18,1
5.47,188.38,0
5.14,161.16,1
5.72,185.08,0
4.86,154.5,1
6.14,191.84,0
5.19,164.44,1
5.66,168.42,0
5.09,160.76,1
5.68,172.43,0
5.73,155.4,1
6.35,176.16,0
5.5,175.64,1
6.01,151.76,0
5.44,131.7,1
5.4,198.69,0
4.58,118.3,1
6.26,183.21,0
5.22,114.01,1
5.67,145.25,0
5.05,118.39,1
5.74,187.18,0
5.26,156.52,1
5.78,191.43,0
4.95,121.69,1
5.4,172.82,0
5.23,143.15,1
5.95,197.45,0
5.61,124.39,1
5.87,178.56,0
4.9,153.44,1
5.85,164.1,0
5.7,136.77,1
